1182.35
1802.71
895.434
1487.73
907.972
1161.37
1195.29
1129.42
970.884
929.192
1006.81
1033.02
935.885
927.191
1072.98
1271.89
1016.73
992.458
1286.49
2077.17
1197.24
923.656
1041.71
1003.93
1014.93
1266.55
1130.75
925.058
938.45
1078.37
946.724
937.889
919.146
905.157
921.985
974.777
899.524
1423.65
1422.69
1390.83
953.977
991.393
2532.33
964.677
916.753
1078.77
1019.52
1014.75
987.987
986.107
892.897
988.697
960.959
942.017
1166.36
959.868
1298.36
991.282
1129.17
1417.83
995.264
1382.72
939.685
890.777
1464.03
1148.43
1106.71
927.926
934.719
1125.99
1195.83
1353.36
1205.43
1055.16
910.172
1714.49
935.873
920.5
1509.28
1273.26
899.371
938.415
1014.87
1233.14
1093.73
1054.75
910.588
924.448
1312.66
954.227
1405.19
970.427
966.994
1047.42
916.688
980.201
1184.3
1128.91
1198.16
1087.46
1793.18
930.239
914.808
1086.11
919.434
903.311
1050.95
1470.75
1058.94
925.02
1716.33
1079.25
1058.91
935.635
1084.27
1276.5
892.031
901.793
1096.37
1032.61
1029.17
1015.74
981.656
1164.4
970.19
978.845
890.739
928.003
1023.78
921.937
1175.31
1123.58
921.756
983.292
955.664
1088.12
1144.34
1274.79
927.763
936.913
976.482
1174.42
891.258
921.416
1490.92
911.978
1019.32
1426.1
969.487
1216.91
1045.18
1436.97
1133.99
936.929
1175.03
993.091
917.354
1252.97
950.555
1436.93
1321.87
969.405
944.414
2059.23
916.07
1372.69
1126.2
1356.91
906.096
1659.96
908.311
935.589
1188.83
1442.61
914.997
1091.86
1020.06
1012.49
962.188
918.194
1147.35
909.52
902.815
1018.75
1155.65
1018.35
1081.3
1115.48
1272.33
1097.53
1229.69
1028.77
1026.49
1683.75
1084.82
906.512
941.682
1076.37
1051.12
954.125
963.126
937.519
893.591
1105.9
978.359
927.331
921.637
1143.49
996.1
1049.31
903.212
924.517
1028.85
1087.81
890.534
1188.79
958.056
896.599
916.507
1037.1
963.054
927.222
1118.13
972.321
1024.77
941.355
959.811
991.769
1079.27
1861.33
1110.58
906.309
1122.01
1086.44
1164.54
934.745
936.572
900.446
1060.45
1301.66
1072.52
915.353
946.793
1066.57
981.871
1126.85
1099.73
942.957
894.281
1009.51
966.048
941.292
1133.45
2459.65
939.194
953.308
1370.97
1033.98
929.861
1187.73
1032.75
995.293
1209.98
935.912
1053.1
891.518
1056.28
935.604
985.3
934.699
1041.7
1090.36
1053.78
1206.44
1084.47
901.843
2043.91
912.053
890.472
912.792
918.986
1228.13
1107.62
1237.88
975.112
1143.22
896.651
1252.14
896.431
1689.6
1012.54
1090.65
926.015
913.786
938.158
991.246
925.32
921.731
947.75
981.91
920.866
1034.91
900.123
1102.79
981.863
1308.42
905.344
1018.87
1197.77
1097.59
891.726
1071.56
953.206
1062.21
919.553
910.804
912.563
952.255
951.15
1497.54
1178.95
1002.94
930.019
1532.13
965.937
1127.88
933.715
897.312
989.423
936.756
969.04
932.282
919.354
1155.27
900.653
1051.89
1065.42
1314.3
926.352
916.723
995.319
909.136
943.091
915.56
950.118
1024.67
1401.98
937.607
976.098
897.16
1003.54
936.366
893.52
919.577
1262.57
922.921
973.95
918.161
1005.34
982.686
1323.1
1439.85
1109.2
1566.15
938.107
931.438
1254.54
1196.19
923.214
1010.28
958.649
1367.29
1134.89
1058.91
1229.18
936.687
920.799
917.873
1190.17
2018.15
1788.46
946.622
937.773
1043.46
940.675
1034.21
930.282
891.881
1123.29
1018.37
996.856
1013.52
1018.98
1072.21
1058.7
958.931
993.458
965.552
1068.98
1011.53
1004.48
922.892
1136.07
1601.43
1466.98
1087.81
1179.98
1060.69
1037.34
1101.05
1155.89
1004.64
1030.41
1221.44
921.146
1035.52
1382.84
981.946
899.959
896.324
1092.16
2055.92
1104.89
912.075
1374.14
1069.87
935.884
939.153
1003.07
1001.9
1158.24
908.865
953.553
1236.44
894.08
977.823
994.511
898.725
906.207
964.094
1051.4
932.397
1454.95
1458.11
1254.21
958.512
1114.88
908.046
1037.54
920.376
907.709
1166.33
908.549
911.278
992.623
1045.15
959.314
1091.77
893.285
1244.23
1058.16
908.531
1010.51
1694.22
894.995
890.705
1120.86
947.101
1659.52
1141.88
1082.52
1142.8
1000.73
893.92
1569.43
894.764
1138.27
1115.68
1247.72
982.659
1115.28
992.281
1093.64
1013.1
1124.04
1004.99
936.154
1634.9
1239.88
933.055
1044.72
1503.54
891.7
1252.52
964.316
924.829
1546.1
1538
1519.04
911.442
999.38
1223.58
1267.21
1007.72
1190.39
1036.76
972.387
1093.76
1147.86
989.732
910.003
1241.2
912.772
922.015
944.609
898.981
1654.51
1156.07
940.416
901.141
1023.88
894.54
1141.51
920.294
930.184
969.36
1250.48
1009.47
998.257
1014.66
960.701
971.444
909.198
986.294
900.336
917.028
1265.74
963.716
903.916
1062.29
1201.64
955.579
1028.07
994.471
1180.27
1023.49
945.783
1736.37
1509.68
923.276
1003.75
958.356
902.504
1227.35
944.645
949.05
1137.17
992.715
1297.15
964.083
974.353
943.931
1180.43
933.996
915.497
971.115
1298.54
891.787
1040.45
895.532
1331.61
1096.11
961.828
933.916
1000.28
2271.03
1108.63
974.884
1000.62
999.37
962.671
946.809
1503
901.177
978.808
954.403
906.148
909.392
1069.96
1176.01
984.056
913.135
985.934
937.842
1076.54
909.883
1306.69
907.68
1359.64
1166.37
977.758
1063.87
978.139
1078.82
1230.15
998.309
2399.97
1197
898.486
1161.58
946.198
1259.92
1152.62
1079.47
951.649
1011.14
1094.63
1015.45
1173.21
901.658
904.693
896.231
1826.79
924.233
924.553
908.565
997.607
1414.98
1029.3
1007.8
1044.85
1336.62
1484.03
1126.15
968.863
1026.6
1225.25
967.856
920.597
891.713
972.861
1013.75
1215.66
1127.81
969.457
969.515
1038.8
1170.08
983.598
959.579
996.28
1749.22
904.16
1047.22
945.156
980.63
1071.93
985.258
989.064
985.036
929.38
963.017
1099.14
1350.56
1294.18
937.163
1007.28
1320.34
1027.04
1320.9
905.566
903.587
1061.26
933.626
1095.03
1123.15
955.992
1123.86
1048.36
961.896
977.301
1064.4
952.749
892.087
1038.39
954.724
937.577
942.676
917.884
939.155
931.347
934.926
904.354
961.69
1095.16
962.337
974.937
940.238
1072.95
1209.1
955.128
1193.52
1300.73
1100.56
1350.43
1353.97
898.762
1024.89
1117.76
914.024
929.34
1014.23
1515.78
1090.77
931.486
956.867
1036.64
1030.78
894.754
977.645
1047.21
1398.87
892.132
899.787
926.222
2059.68
1020.26
956.351
906.8
936.927
1005.09
1283.56
899.221
1459.85
1175.63
896.831
942.475
908.821
1207.92
892.843
1318.08
1144.05
927.864
890.742
957.701
1031.62
1202.17
1099.09
994.729
902.807
953.156
1679.26
1204.15
1124.73
1017.38
1010.7
1051.39
894.322
1000.43
1467.08
1033.84
1244.22
912.478
927.837
1155.76
963.873
1063.11
1062.32
1118.05
1063.16
1271.14
983.002
949.685
1826.56
1017.33
1037.16
890.932
1310.79
910.379
1559.5
901.966
1314.39
952.422
993.021
1000.04
897.979
925.281
1026.85
1075.77
929.512
892.698
1085.28
1037.49
973.357
1189.64
956.116
1071.24
1284.34
934.708
900.44
893.431
902.965
942.431
1305.69
948.216
972.132
1039.47
1075.94
910.219
1593.36
937.158
926.3
1011.13
928.688
1479.19
1123.88
1204.6
946.083
1025.81
942.965
1229.12
1595.27
1186.45
981.833
1094.31
1000.53
984.899
2145.43
963.875
1133.94
1052.1
910.139
1096.01
976.832
1094.89
1091.44
1005.87
1214.64
1514.26
908.026
1040.23
901.629
1052.52
903.372
953.157
909.94
2150.03
1138.57
2293.47
1215.9
1056.66
945.762
1342.06
1053.02
1050.39
931.04
894.205
1191.49
905.436
1171.81
926.085
948.181
1443.31
978.202
1023.79
974.415
919.435
1076.04
1070.88
928.211
952.484
1252.83
909.213
935.471
1768.53
912.15
1184.58
1000.46
904.029
1049.34
1037.5
995.463
988.695
910.387
1334.64
975.849
1454.31
1072.22
1072.79
1019.36
1458.91
1204.26
941.92
974.778
1253.37
998.554
1077.43
1752.92
1054.78
1118.32
918.266
1234.35
897.387
911.307
1283.77
951.456
992.394
1134.72
1244.16
1067.48
993.94
1394.21
1307.38
1018.38
968.847
959.808
1158.67
980.255
969.421
971.891
890.463
1316.58
906.93
1551.97
971.699
1363.45
940.535
960.623
975.311
891.484
1107.98
962.599
1486.87
1098.15
897.171
896.402
996.178
976.728
1457.2
1227.55
994.496
955.393
1116.73
1003.45
1270.19
964.91
1196.81
948.299
1021.14
914.187
1061.33
1157
1163.52
914.11
928.733
900.784
1076.54
1116.44
929.166
890.269
1472.86
1191.09
1162.49
1216.15
949.255
1672.15
1454.33
1185.41
1027.23
1027.49
1053.29
1177.62
901.075
1134.04
1058.98
994.46
976.908
1047.06
1033.04
1010.86
1013.4
1337.77
997.267
1062.67
1692.7
969.281
1155.49
897.624
1130.91
998.887
907.061
899.925
1071.36
950.017
991.621
2149.43
1190.18
1200.96
1307.98
924.862
936.861
947.138
910.697
917.58
949.95
1128.73
1030.38
983.198
904.305
1019.49
1065.84
1030.41
1016.31
979.323
1008.46
1153.41
1227.4
1088.15
1167.62
910.333
973.228
926.535
1167.83
896.172
915.456
920.596
972.809
902.555
914.777
1066.04
1033.88
938.431
909.707
1067.05
1519.98
937.444
1098.82
1051.4
996.686
906.451
912.457
1081.18
1103.77
915.175
986.081
908.593
981.206
955.645
1019.43
1000.21
1013.48
1054.98
924.084
958.813
1201.42
971.909
911.511
1380.23
893.061
1018.84
953.434
964.099
901.751
930.289
900.748
909.762
1074.42
948.314
917.265
1016.73
1003.3
1357.95
1014.69
961.069
913.237
895.081
993.724
1242.41
1218.44
978.441
972.734
1204.44
1090.1
892.709
948.537
1009.76
975.872
919.822
988.171
1374.22
913.375
1142.32
997.912
897.42
1028.03
1003.48
1021.51
935.494
931.763
975.64
909.057
973.714
1001.9
1028.14
1026.2
1205.45
1032.3
1064.66
974.984
1296.74
977.659
1136.24
1076.02
902.543
1139.2
1118.07
951.461
995.323
995.368
1404.19
956.891
972.328
1088.78
963.949
970.341
1176.96
918.471
970.535
933.256
963.813
938.389
1079.46
936.607
1009.73
919.881
931.636
891.489
1136.48
1007.78
934.961
944.83
1576.18
982.947
929.493
1040
1149.96
912.398
1145.39
1478.95
954.225
917.79
1039.42
918.124
926.237
1347.18
901.319
1080.49
995.889
958.308
1040.42
1062.03
1617.28
952.885
936.871
934.022
962.059
973.213
952.998
1100.45
1005.46
1012.54
1057.83
1282.86
1051.62
1030.62
1205.35
1164.65
1153.93
1037.74
949.592
900.513
1054.87
942.492
1097.56
1064.67
1384.95
916.443
1175.69
1054.97
1336.11
996.958
995.137
968.403
1090.55
915.487
977.021
1028.6
898.166
1177.3
1010.41
1000.33
1006.51
934.063
1271.1
1068.41
903.855
954.07
974.229
1276.64
1005.92
1363.11
1192.83
965.607
963.349
1028.5
988.323
1433.15
905.921
1062.37
1416.77
976.72
902.367
993.819
1254.9
926.114
1164.58
928.463
1481.14
1062.47
1169.85
1015.62
998.748
915.187
925.894
1543.95
974.274
1139.71
1278.12
920.254
1238.12
1232.7
1586.41
1207.29
1099.02
1088.49
901.499
942.537
968.737
1001.84
1260.58
1224.3
1268.52
1087.64
970.418
951.26
953.474
1108.87
945.41
1020.58
1818.24
994.004
1085.73
973.982
1139.66
995.708
899.094
1244.86
1184.07
902.761
1358.51
993.913
924.566
916.251
919.738
913.011
1374.46
961.935
1020.31
1099.81
984.136
1020.13
925
1352.81
930.505
944.599
961.569
906.676
916.65
1429.43
1061.08
1229.28
1285.15
930.94
907.535
1058.87
1036.56
1585.02
1300.04
909.763
1107.03
1236.13
1039.2
961.323
938.161
936.08
1102.78
1109
1261.45
999.729
1016.83
1378.63
1405.83
1142.82
1142.91
1089.01
1000.29
912.781
982.303
955.74
1217.36
1103.19
1228.44
905.473
968.985
1011.83
898.495
1274.96
931.992
904.303
1141.08
1118.63
914.186
1083.49
958.283
894.689
1003.86
1424.35
913.356
1069.63
927.003
1025.16
1025.88
1242.05
1243
920.391
958.466
1117.35
1080.98
1092.14
1025.37
991.735
1001.74
1037.72
1069.42
992.303
1513.24
930.351
933.06
922.943
907.966
949.817
1044.98
964.638
1004.6
1151.19
1170.57
986.026
1014.12
1618.9
921.024
933.258
936.735
1120.51
1102.54
1020.37
1022.92
1007.96
1135.98
896.145
930.929
1068.04
1092.47
1145.3
1003.88
903.085
1320.5
1154.16
1672.78
924.611
1106.39
894.981
992.373
1270.22
900.207
1271.55
1005.41
902.445
966.977
1230.82
943.531
1271.05
1440.55
1174.2
997.215
1090.96
974.983
1141.3
1858.62
917.113
1312.75
1284.69
975.629
933.492
1059.79
939.222
915.368
921.37
955.222
1062.93
928.363
1020.1
988.095
891.736
1050.99
1102.27
1186.77
1255.7
922.324
1099.36
917.655
958.348
926.128
1178.82
958.993
1026.15
1194.45
892.905
910.56
950.31
1135.01
971.466
1001.61
999.883
965.512
1096.44
1135.74
953.922
1074.34
907.614
1478.62
1203.62
986.986
1078.56
937.912
958.446
1074.54
1549.22
1300.26
1001.12
1130.8
1265.6
911.843
1909.44
1111.98
1295.74
935.982
1085.33
2381.59
1040.47
1039.26
1768.61
974.392
1342.65
1461.98
1073.37
966.326
956.037
950.979
1080.82
1204.22
1435.05
1199.68
995.192
1036.73
1123.73
931.953
1129.53
955.042
1107.51
940.24
1420.29
952.976
1584.72
1338.25
1134.8
988.772
1723.85
901.455
1100.04
1329.54
1234.02
1028.76
1354.95
1852.28
1468.98
921.563
1523.16
967.817
960.13
967.179
917.85
1255.84
1097.51
1291.97
1247.76
964.253
1305.45
899.307
1068.7
1066.15
996.017
1125.63
903.326
1208.07
1075.73
1284.35
923.761
908.026
920.557
1205.71
1392.57
2071.31
950.587
913.941
967.306
1043.45
1034.44
1074.56
1011.26
967.623
1001.51
1001.05
973.301
999.337
1020.78
1194.97
1087.47
1096.08
1260.19
1333.14
1066.55
1036.71
926.005
1002.81
907.254
1216.02
1119.72
1036.09
942.771
924.973
1046.43
1712.44
1440.5
1176.4
1057.83
1000.96
1010.62
1286.49
1409.44
916.766
904.597
1108.58
1264.43
893.144
1606.68
1064.39
1547.95
1104.31
938.208
1203.12
1592.29
901.789
952.093
931.396
911.59
898.299
1066.63
900.5
1054.34
1839
950.589
1113.07
1264.77
1439.51
1153.17
1510.45
1123.73
993.839
1231.79
1026.13
967.277
920.631
951.191
1000.4
1050.59
906.543
919.309
1333.64
1189.01
936.809
928.783
964.747
1135.42
1495.31
929.094
1301.79
1089.15
1177.69
942.5
917.088
1104.09
905.522
1139.48
1632.28
917.835
1088.61
949.952
988.817
1198.82
968.01
1014.86
912.835
937.745
1342.26
1135.77
917.657
1251.68
917.854
1045.36
1361.69
969.827
1074.94
929.445
1188.54
942.035
926.199
925.041
892.212
894.565
934.077
944.726
993.816
999.41
938.371
1265.63
1103.91
1026.04
991.854
1030.29
967.701
1011.35
898.871
999.842
1362.98
910.716
1233.13
1065.5
916.297
958.158
966.297
900.535
1421.27
909.069
1250.41
919.83
1082.09
1108.15
964.596
1737.79
1191.62
966.316
979.78
899.566
1317.47
954.739
1083.26
934.814
1004.08
1099.64
938.453
1159.57
1412.13
950.281
926.103
1052.43
895.398
1451.97
1430.58
975.597
948.853
1024.44
975.684
893.552
1152.05
1203.2
933.121
1018.25
898.027
930.986
1191.21
1889.79
914.387
981.287
1128.44
1307.12
1082.49
996.371
976.672
947.592
920.338
1143.75
1424.89
1357.45
927.173
962.362
