# Counting experiment with multiple channels for mass point: 600
imax 6
jmax *
kmax *
----------------------------------
Channels and observed events
bin mumueq0jets mumueq1jets mumugeq2jets eeeq0jets eeeq1jets eegeq2jets 
observation 2.0 1.0 0.0 2.0 0.0 0.0 
-----------------------------------
# now we list the expected events for signal and all backgrounds in the different bins
# processes are signaled as follows: 0 = signal, >0 = backgrounds
# rates are normalized to an hypothetical cross section in units of pb
# absolute limits will be given in units of pb
# follow independent sources of uncertainties and their effect (syst.error) for each process and category
bin     mumueq0jets mumueq1jets mumugeq2jets eeeq0jets eeeq1jets eegeq2jets 
process higgs st ww wjets zz dy ttbar wz higgs st ww wjets zz dy ttbar wz higgs st ww wjets zz dy ttbar wz higgs st ww wjets zz dy ttbar wz higgs st ww wjets zz dy ttbar wz higgs st ww wjets zz dy ttbar wz 
process 0 1 2 3 4 5 6 7 0 1 2 3 4 5 6 7 0 1 2 3 4 5 6 7 0 1 2 3 4 5 6 7 0 1 2 3 4 5 6 7 0 1 2 3 4 5 6 7 
rate    0.1779 0.0000 0.0000 0.0000 0.6160 0.0000 0.0000 0.1506 0.2549 0.0000 0.0000 0.0000 0.5421 0.0000 0.0000 0.1500 0.2974 0.0000 0.0000 0.0000 0.2335 0.7646 0.0000 0.1636 0.1884 0.0000 0.0000 0.0000 0.7394 0.0000 0.0000 0.1354 0.2821 0.0000 0.0016 0.0000 0.4864 0.0000 0.0000 0.2496 0.3493 0.0000 0.0071 0.0000 0.2652 0.0000 0.0000 0.2585 
----------------------------
lumi    lnN 1.0450 1.0450 1.0450 1.0450 1.0450 1.0450 1.0450 1.0450 1.0450 1.0450 1.0450 1.0450 1.0450 1.0450 1.0450 1.0450 1.0450 1.0450 1.0450 1.0450 1.0450 1.0450 1.0450 1.0450 1.0450 1.0450 1.0450 1.0450 1.0450 1.0450 1.0450 1.0450 1.0450 1.0450 1.0450 1.0450 1.0450 1.0450 1.0450 1.0450 1.0450 1.0450 1.0450 1.0450 1.0450 1.0450 1.0450 1.0450 
mcstats lnN 1.0231 1.0000 1.0000 1.0000 1.0795 1.0000 1.0000 1.2831 1.0194 1.0000 1.0000 1.0000 1.0875 1.0000 1.0000 1.2823 1.0180 1.0000 1.0000 1.0000 1.1293 1.6092 1.0000 1.2720 1.0222 1.0000 1.0000 1.0000 1.0749 1.0000 1.0000 1.2934 1.0184 1.0000 2.0000 1.0000 1.0929 1.0000 1.0000 1.2198 1.0167 1.0000 2.0000 1.0000 1.1236 1.0000 1.0000 1.2178 
thxsec  lnN 1.1265 1.0334 1.0349 1.0498 1.0254 1.0434 1.0606 1.0385 1.1265 1.0334 1.0349 1.0498 1.0254 1.0434 1.0606 1.0385 1.1265 1.0334 1.0349 1.0498 1.0254 1.0434 1.0606 1.0385 1.1265 1.0334 1.0349 1.0498 1.0254 1.0434 1.0606 1.0385 1.1265 1.0334 1.0349 1.0498 1.0254 1.0434 1.0606 1.0385 1.1265 1.0334 1.0349 1.0498 1.0254 1.0434 1.0606 1.0385 
pileup lnN 1.0196 1.0000 1.0000 1.0000 1.0910 1.0000 1.0000 1.0234 1.0272 1.0000 1.0000 1.0000 0.9725 1.0000 1.0000 1.0279 1.0572 1.0000 1.0000 1.0000 1.2281 0.9914 1.0000 1.2041 1.0450 1.0000 1.0000 1.0000 1.0028 1.0000 1.0000 1.1384 1.0366 1.0000 13.0352 1.0000 0.9647 1.0000 1.0000 0.8919 1.0369 1.0000 2.8658 1.0000 1.0376 1.0000 1.0000 1.0603 
renscale lnN 1.0000 1.0000 1.0000 1.0000 1.0000 1.0000 1.0000 1.0000 1.0000 1.0000 1.0000 1.0000 1.0000 1.0000 1.0000 1.0000 1.0000 1.0000 1.0000 1.0000 1.0000 1.0000 1.0000 1.0000 1.0000 1.0000 1.0000 1.0000 1.0000 1.0000 1.0000 1.0000 1.0000 1.0000 1.0000 1.0000 1.0000 1.0000 1.0000 1.0000 1.0000 1.0000 1.0000 1.0000 1.0000 1.0000 1.0000 1.0000 
jesup lnN 1.1368 1.0000 1.0000 1.0000 1.0698 1.0000 1.0000 0.9177 1.0837 1.0000 1.0000 1.0000 0.9579 1.0000 1.0000 1.1364 0.9843 1.0000 1.0000 1.0000 0.9275 1.0000 1.0000 0.8878 1.1469 1.0000 1.0000 1.0000 1.0483 1.0000 1.0000 1.0448 1.1002 1.0000 1.0000 1.0000 0.9932 1.0000 1.0000 1.0146 0.9727 1.0000 1.0000 1.0000 0.9258 1.0000 1.0000 0.9530 
jesdown lnN 1.0832 1.0000 1.0000 1.0000 1.0384 1.0000 1.0000 1.0044 1.0277 1.0000 1.0000 1.0000 1.0018 1.0000 1.0000 1.1652 0.9472 1.0000 1.0000 1.0000 0.8855 1.0000 1.0000 0.9202 1.0830 1.0000 1.0000 1.0000 1.0545 1.0000 1.0000 1.0733 1.0405 1.0000 5.5486 1.0000 0.9688 1.0000 1.0000 1.1912 0.9382 1.0000 1.0000 1.0000 0.8983 1.0000 1.0000 0.7524 
factscale lnN 1.0000 1.0000 1.0000 1.0000 1.0000 1.0000 1.0000 1.0000 1.0000 1.0000 1.0000 1.0000 1.0000 1.0000 1.0000 1.0000 1.0000 1.0000 1.0000 1.0000 1.0000 1.0000 1.0000 1.0000 1.0000 1.0000 1.0000 1.0000 1.0000 1.0000 1.0000 1.0000 1.0000 1.0000 1.0000 1.0000 1.0000 1.0000 1.0000 1.0000 1.0000 1.0000 1.0000 1.0000 1.0000 1.0000 1.0000 1.0000 
