# Counting experiment with multiple channels for mass point: 200
imax 6
jmax *
kmax *
----------------------------------
Channels and observed events
bin mumueq0jets mumueq1jets mumugeq2jets eeeq0jets eeeq1jets eegeq2jets 
observation 13.0 12.0 22.0 16.0 21.0 22.0 
-----------------------------------
# now we list the expected events for signal and all backgrounds in the different bins
# processes are signaled as follows: 0 = signal, >0 = backgrounds
# rates are normalized to an hypothetical cross section in units of pb
# absolute limits will be given in units of pb
# follow independent sources of uncertainties and their effect (syst.error) for each process and category
bin     mumueq0jets mumueq1jets mumugeq2jets eeeq0jets eeeq1jets eegeq2jets 
process higgs st ww wjets zz dy ttbar wz higgs st ww wjets zz dy ttbar wz higgs st ww wjets zz dy ttbar wz higgs st ww wjets zz dy ttbar wz higgs st ww wjets zz dy ttbar wz higgs st ww wjets zz dy ttbar wz 
process 0 1 2 3 4 5 6 7 0 1 2 3 4 5 6 7 0 1 2 3 4 5 6 7 0 1 2 3 4 5 6 7 0 1 2 3 4 5 6 7 0 1 2 3 4 5 6 7 
rate    1.0047 0.2911 4.7124 0.0000 4.6402 0.6054 0.0580 2.7213 1.0368 0.7620 2.4725 0.0000 3.0686 3.4394 1.0211 2.9152 0.5202 0.9642 1.3585 0.0000 1.4022 8.6551 4.9739 1.8486 0.9748 0.0778 3.8667 0.8848 4.5607 0.4976 0.2272 2.7261 0.7214 0.6351 2.1482 0.1825 2.9103 2.9110 1.1795 2.6673 0.9264 1.1270 1.3637 0.0000 1.4408 5.7212 5.4731 1.7941 
----------------------------
lumi    lnN 1.0450 1.0450 1.0450 1.0450 1.0450 1.0450 1.0450 1.0450 1.0450 1.0450 1.0450 1.0450 1.0450 1.0450 1.0450 1.0450 1.0450 1.0450 1.0450 1.0450 1.0450 1.0450 1.0450 1.0450 1.0450 1.0450 1.0450 1.0450 1.0450 1.0450 1.0450 1.0450 1.0450 1.0450 1.0450 1.0450 1.0450 1.0450 1.0450 1.0450 1.0450 1.0450 1.0450 1.0450 1.0450 1.0450 1.0450 1.0450 
thxsec  lnN 1.1090 1.0334 1.0349 1.0498 1.0254 1.0434 1.0606 1.0385 1.1090 1.0334 1.0349 1.0498 1.0254 1.0434 1.0606 1.0385 1.1090 1.0334 1.0349 1.0498 1.0254 1.0434 1.0606 1.0385 1.1090 1.0334 1.0349 1.0498 1.0254 1.0434 1.0606 1.0385 1.1090 1.0334 1.0349 1.0498 1.0254 1.0434 1.0606 1.0385 1.1090 1.0334 1.0349 1.0498 1.0254 1.0434 1.0606 1.0385 
higgsstat lnN1.2125 1.0000 1.0000 1.0000 1.0000 1.0000 1.0000 1.0000 1.1962 1.0000 1.0000 1.0000 1.0000 1.0000 1.0000 1.0000 1.2355 1.0000 1.0000 1.0000 1.0000 1.0000 1.0000 1.0000 1.2253 1.0000 1.0000 1.0000 1.0000 1.0000 1.0000 1.0000 1.2212 1.0000 1.0000 1.0000 1.0000 1.0000 1.0000 1.0000 1.2150 1.0000 1.0000 1.0000 1.0000 1.0000 1.0000 1.0000 
ststat lnN 1.0000 1.3192 1.0000 1.0000 1.0000 1.0000 1.0000 1.0000 1.0000 1.2146 1.0000 1.0000 1.0000 1.0000 1.0000 1.0000 1.0000 1.1649 1.0000 1.0000 1.0000 1.0000 1.0000 1.0000 1.0000 1.5554 1.0000 1.0000 1.0000 1.0000 1.0000 1.0000 1.0000 1.2246 1.0000 1.0000 1.0000 1.0000 1.0000 1.0000 1.0000 1.1740 1.0000 1.0000 1.0000 1.0000 1.0000 1.0000 
wwstat lnN 1.0000 1.0000 1.0783 1.0000 1.0000 1.0000 1.0000 1.0000 1.0000 1.0000 1.1097 1.0000 1.0000 1.0000 1.0000 1.0000 1.0000 1.0000 1.1444 1.0000 1.0000 1.0000 1.0000 1.0000 1.0000 1.0000 1.0869 1.0000 1.0000 1.0000 1.0000 1.0000 1.0000 1.0000 1.1122 1.0000 1.0000 1.0000 1.0000 1.0000 1.0000 1.0000 1.1484 1.0000 1.0000 1.0000 1.0000 1.0000 
wjetsstat lnN 1.0000 1.0000 1.0000 1.0000 1.0000 1.0000 1.0000 1.0000 1.0000 1.0000 1.0000 1.0000 1.0000 1.0000 1.0000 1.0000 1.0000 1.0000 1.0000 1.0000 1.0000 1.0000 1.0000 1.0000 1.0000 1.0000 1.0000 2.0000 1.0000 1.0000 1.0000 1.0000 1.0000 1.0000 1.0000 2.0000 1.0000 1.0000 1.0000 1.0000 1.0000 1.0000 1.0000 1.0000 1.0000 1.0000 1.0000 1.0000 
zzstat lnN 1.0000 1.0000 1.0000 1.0000 1.0298 1.0000 1.0000 1.0000 1.0000 1.0000 1.0000 1.0000 1.0364 1.0000 1.0000 1.0000 1.0000 1.0000 1.0000 1.0000 1.0532 1.0000 1.0000 1.0000 1.0000 1.0000 1.0000 1.0000 1.0300 1.0000 1.0000 1.0000 1.0000 1.0000 1.0000 1.0000 1.0376 1.0000 1.0000 1.0000 1.0000 1.0000 1.0000 1.0000 1.0530 1.0000 1.0000 1.0000 
dystat lnN 1.0000 1.0000 1.0000 1.0000 1.0000 1.5696 1.0000 1.0000 1.0000 1.0000 1.0000 1.0000 1.0000 1.2823 1.0000 1.0000 1.0000 1.0000 1.0000 1.0000 1.0000 1.1707 1.0000 1.0000 1.0000 1.0000 1.0000 1.0000 1.0000 1.5940 1.0000 1.0000 1.0000 1.0000 1.0000 1.0000 1.0000 1.2973 1.0000 1.0000 1.0000 1.0000 1.0000 1.0000 1.0000 1.2026 1.0000 1.0000 
ttbarstat lnN 1.0000 1.0000 1.0000 1.0000 1.0000 1.0000 2.0000 1.0000 1.0000 1.0000 1.0000 1.0000 1.0000 1.0000 1.3626 1.0000 1.0000 1.0000 1.0000 1.0000 1.0000 1.0000 1.1678 1.0000 1.0000 1.0000 1.0000 1.0000 1.0000 1.0000 1.8836 1.0000 1.0000 1.0000 1.0000 1.0000 1.0000 1.0000 1.3439 1.0000 1.0000 1.0000 1.0000 1.0000 1.0000 1.0000 1.1595 1.0000 
wzstat lnN 1.0000 1.0000 1.0000 1.0000 1.0000 1.0000 1.0000 1.0679 1.0000 1.0000 1.0000 1.0000 1.0000 1.0000 1.0000 1.0653 1.0000 1.0000 1.0000 1.0000 1.0000 1.0000 1.0000 1.0822 1.0000 1.0000 1.0000 1.0000 1.0000 1.0000 1.0000 1.0674 1.0000 1.0000 1.0000 1.0000 1.0000 1.0000 1.0000 1.0682 1.0000 1.0000 1.0000 1.0000 1.0000 1.0000 1.0000 1.0824 
pileup lnN 1.0341 1.0871 1.0141 1.0000 1.0275 1.2522 1.7978 0.9850 1.1493 1.0086 1.0242 1.0000 1.0365 1.1021 1.1223 0.9694 1.2023 1.1023 1.0072 1.0000 1.1052 1.1605 1.0892 0.9636 0.8992 2.0750 0.9929 1.0977 1.0219 1.5234 1.3756 0.9958 1.1447 0.9784 1.2168 5.3231 1.0232 1.1068 1.0600 1.0114 0.9770 0.8660 1.0483 1.0000 1.0334 1.0932 1.0850 1.0167 
renscale lnN 1.0018 1.0000 1.0000 1.0000 1.0000 1.0000 1.0000 1.0000 1.0005 1.0000 1.0000 1.0000 1.0000 1.0000 1.0000 1.0000 1.0007 1.0000 1.0000 1.0000 1.0000 1.0000 1.0000 1.0000 1.0017 1.0000 1.0000 1.0000 1.0000 1.0000 1.0000 1.0000 1.0016 1.0000 1.0000 1.0000 1.0000 1.0000 1.0000 1.0000 1.0006 1.0000 1.0000 1.0000 1.0000 1.0000 1.0000 1.0000 
jesup lnN 1.0785 1.3686 1.0076 1.0000 1.0719 1.0000 5.4232 1.0845 0.9067 1.0102 0.9575 1.0000 0.9524 1.7432 1.4035 1.0029 0.8142 0.8400 0.9331 1.0000 0.9027 2.1651 0.9683 0.9162 1.0547 1.0000 1.1401 1.0000 1.0543 0.9665 1.0352 1.0882 1.0697 1.0644 0.8953 1.0000 0.9654 1.2811 1.2833 0.9622 1.0241 1.0508 0.7514 1.0000 0.9080 2.3885 1.0284 1.0222 
jesdown lnN 1.1159 1.0777 1.0752 1.0000 1.0579 1.2315 4.0940 1.0975 0.8679 1.1929 0.8801 1.0000 0.9654 0.9695 0.8812 0.9672 0.8374 0.8241 0.8643 1.0000 0.8934 1.0994 1.0100 0.8793 1.0471 1.4806 1.0295 1.0000 1.0585 2.0969 1.0000 1.0714 0.9776 1.0820 1.0222 1.0000 0.9727 0.9440 1.2413 0.9824 0.9481 0.9277 0.7833 1.0000 0.8813 1.1136 0.9786 0.9321 
factscale lnN 1.0004 1.0000 1.0000 1.0000 1.0000 1.0000 1.0000 1.0000 1.0001 1.0000 1.0000 1.0000 1.0000 1.0000 1.0000 1.0000 0.9999 1.0000 1.0000 1.0000 1.0000 1.0000 1.0000 1.0000 1.0004 1.0000 1.0000 1.0000 1.0000 1.0000 1.0000 1.0000 1.0004 1.0000 1.0000 1.0000 1.0000 1.0000 1.0000 1.0000 1.0004 1.0000 1.0000 1.0000 1.0000 1.0000 1.0000 1.0000 
