# Counting experiment with multiple channels for mass point: 300
imax 6
jmax *
kmax *
----------------------------------
Channels and observed events
bin mumueq0jets mumueq1jets mumugeq2jets eeeq0jets eeeq1jets eegeq2jets 
observation 6.0 4.0 7.0 8.0 11.0 10.0 
-----------------------------------
# now we list the expected events for signal and all backgrounds in the different bins
# processes are signaled as follows: 0 = signal, >0 = backgrounds
# rates are normalized to an hypothetical cross section in units of pb
# absolute limits will be given in units of pb
# follow independent sources of uncertainties and their effect (syst.error) for each process and category
bin     mumueq0jets mumueq1jets mumugeq2jets eeeq0jets eeeq1jets eegeq2jets 
process higgs st ww wjets zz dy ttbar wz higgs st ww wjets zz dy ttbar wz higgs st ww wjets zz dy ttbar wz higgs st ww wjets zz dy ttbar wz higgs st ww wjets zz dy ttbar wz higgs st ww wjets zz dy ttbar wz 
process 0 1 2 3 4 5 6 7 0 1 2 3 4 5 6 7 0 1 2 3 4 5 6 7 0 1 2 3 4 5 6 7 0 1 2 3 4 5 6 7 0 1 2 3 4 5 6 7 
rate    1.7967 0.0714 0.5376 0.0000 3.6184 0.0000 0.0000 1.3343 1.8808 0.2132 0.3067 0.0000 2.4319 0.8182 0.7844 1.4716 1.4840 0.1928 0.1747 0.0000 1.1659 3.9985 1.3324 1.1733 1.8163 0.0633 0.3696 0.0000 3.5298 0.0000 0.0000 1.5665 1.8927 0.1858 0.2886 0.0000 2.4263 1.1045 0.3382 1.8389 1.4535 0.2618 0.3325 0.0000 1.1622 1.5102 2.0142 1.1784 
----------------------------
lumi    lnN 1.0450 1.0450 1.0450 1.0450 1.0450 1.0450 1.0450 1.0450 1.0450 1.0450 1.0450 1.0450 1.0450 1.0450 1.0450 1.0450 1.0450 1.0450 1.0450 1.0450 1.0450 1.0450 1.0450 1.0450 1.0450 1.0450 1.0450 1.0450 1.0450 1.0450 1.0450 1.0450 1.0450 1.0450 1.0450 1.0450 1.0450 1.0450 1.0450 1.0450 1.0450 1.0450 1.0450 1.0450 1.0450 1.0450 1.0450 1.0450 
thxsec  lnN 1.1119 1.0334 1.0349 1.0498 1.0254 1.0434 1.0606 1.0385 1.1119 1.0334 1.0349 1.0498 1.0254 1.0434 1.0606 1.0385 1.1119 1.0334 1.0349 1.0498 1.0254 1.0434 1.0606 1.0385 1.1119 1.0334 1.0349 1.0498 1.0254 1.0434 1.0606 1.0385 1.1119 1.0334 1.0349 1.0498 1.0254 1.0434 1.0606 1.0385 1.1119 1.0334 1.0349 1.0498 1.0254 1.0434 1.0606 1.0385 
higgsstat lnN 1.0241 1.0000 1.0000 1.0000 1.0000 1.0000 1.0000 1.0000 1.0229 1.0000 1.0000 1.0000 1.0000 1.0000 1.0000 1.0000 1.0255 1.0000 1.0000 1.0000 1.0000 1.0000 1.0000 1.0000 1.0243 1.0000 1.0000 1.0000 1.0000 1.0000 1.0000 1.0000 1.0227 1.0000 1.0000 1.0000 1.0000 1.0000 1.0000 1.0000 1.0256 1.0000 1.0000 1.0000 1.0000 1.0000 1.0000 1.0000 
ststat lnN 1.0000 1.6710 1.0000 1.0000 1.0000 1.0000 1.0000 1.0000 1.0000 1.3946 1.0000 1.0000 1.0000 1.0000 1.0000 1.0000 1.0000 1.3955 1.0000 1.0000 1.0000 1.0000 1.0000 1.0000 1.0000 1.6934 1.0000 1.0000 1.0000 1.0000 1.0000 1.0000 1.0000 1.4337 1.0000 1.0000 1.0000 1.0000 1.0000 1.0000 1.0000 1.3407 1.0000 1.0000 1.0000 1.0000 1.0000 1.0000 
wwstat lnN 1.0000 1.0000 1.2281 1.0000 1.0000 1.0000 1.0000 1.0000 1.0000 1.0000 1.3314 1.0000 1.0000 1.0000 1.0000 1.0000 1.0000 1.0000 1.3781 1.0000 1.0000 1.0000 1.0000 1.0000 1.0000 1.0000 1.2679 1.0000 1.0000 1.0000 1.0000 1.0000 1.0000 1.0000 1.3164 1.0000 1.0000 1.0000 1.0000 1.0000 1.0000 1.0000 1.3019 1.0000 1.0000 1.0000 1.0000 1.0000 
wjetsstat lnN 1.0000 1.0000 1.0000 1.0000 1.0000 1.0000 1.0000 1.0000 1.0000 1.0000 1.0000 1.0000 1.0000 1.0000 1.0000 1.0000 1.0000 1.0000 1.0000 1.0000 1.0000 1.0000 1.0000 1.0000 1.0000 1.0000 1.0000 1.0000 1.0000 1.0000 1.0000 1.0000 1.0000 1.0000 1.0000 1.0000 1.0000 1.0000 1.0000 1.0000 1.0000 1.0000 1.0000 1.0000 1.0000 1.0000 1.0000 1.0000 
zzstat lnN 1.0000 1.0000 1.0000 1.0000 1.0336 1.0000 1.0000 1.0000 1.0000 1.0000 1.0000 1.0000 1.0409 1.0000 1.0000 1.0000 1.0000 1.0000 1.0000 1.0000 1.0582 1.0000 1.0000 1.0000 1.0000 1.0000 1.0000 1.0000 1.0340 1.0000 1.0000 1.0000 1.0000 1.0000 1.0000 1.0000 1.0415 1.0000 1.0000 1.0000 1.0000 1.0000 1.0000 1.0000 1.0593 1.0000 1.0000 1.0000 
dystat lnN 1.0000 1.0000 1.0000 1.0000 1.0000 1.0000 1.0000 1.0000 1.0000 1.0000 1.0000 1.0000 1.0000 1.5528 1.0000 1.0000 1.0000 1.0000 1.0000 1.0000 1.0000 1.2564 1.0000 1.0000 1.0000 1.0000 1.0000 1.0000 1.0000 1.0000 1.0000 1.0000 1.0000 1.0000 1.0000 1.0000 1.0000 1.4630 1.0000 1.0000 1.0000 1.0000 1.0000 1.0000 1.0000 1.3910 1.0000 1.0000 
ttbarstat lnN 1.0000 1.0000 1.0000 1.0000 1.0000 1.0000 1.0000 1.0000 1.0000 1.0000 1.0000 1.0000 1.0000 1.0000 1.4333 1.0000 1.0000 1.0000 1.0000 1.0000 1.0000 1.0000 1.3097 1.0000 1.0000 1.0000 1.0000 1.0000 1.0000 1.0000 1.0000 1.0000 1.0000 1.0000 1.0000 1.0000 1.0000 1.0000 1.7057 1.0000 1.0000 1.0000 1.0000 1.0000 1.0000 1.0000 1.2701 1.0000 
wzstat lnN 1.0000 1.0000 1.0000 1.0000 1.0000 1.0000 1.0000 1.0942 1.0000 1.0000 1.0000 1.0000 1.0000 1.0000 1.0000 1.0914 1.0000 1.0000 1.0000 1.0000 1.0000 1.0000 1.0000 1.1031 1.0000 1.0000 1.0000 1.0000 1.0000 1.0000 1.0000 1.0879 1.0000 1.0000 1.0000 1.0000 1.0000 1.0000 1.0000 1.0808 1.0000 1.0000 1.0000 1.0000 1.0000 1.0000 1.0000 1.1011 
pileup lnN 0.9660 1.2668 1.0256 1.0000 1.0279 1.0000 1.0000 1.0847 1.0158 1.0313 0.7991 1.0000 1.0279 1.3898 0.7970 0.9893 1.0429 0.9056 1.1691 1.0000 1.1354 1.0901 1.1729 1.0146 0.9885 0.9247 1.0498 1.0000 1.0381 1.0000 1.0000 1.0825 1.0056 1.0784 1.0615 1.0000 0.9826 1.3728 0.9241 0.9827 1.0493 0.9651 1.1055 1.0000 1.0194 1.5060 0.9828 1.0683 
renscale lnN 0.9989 1.0000 1.0000 1.0000 1.0000 1.0000 1.0000 1.0000 1.0028 1.0000 1.0000 1.0000 1.0000 1.0000 1.0000 1.0000 1.0005 1.0000 1.0000 1.0000 1.0000 1.0000 1.0000 1.0000 1.0029 1.0000 1.0000 1.0000 1.0000 1.0000 1.0000 1.0000 1.0019 1.0000 1.0000 1.0000 1.0000 1.0000 1.0000 1.0000 1.0002 1.0000 1.0000 1.0000 1.0000 1.0000 1.0000 1.0000 
jesup lnN 1.0944 1.3167 1.0109 1.0000 1.0543 1.0000 1.0000 1.0785 1.0598 0.9222 1.2065 1.0000 0.9837 2.0152 0.6834 1.0210 0.9121 0.9647 1.4164 1.0000 0.8595 1.2285 1.2024 1.0030 1.0990 1.0312 0.9906 1.0000 1.0665 1.0000 1.0000 1.0782 1.0372 0.9894 1.0256 1.0000 0.9804 0.6788 1.0000 0.9731 0.9186 0.7782 1.0770 1.0000 0.9131 1.9606 0.9011 0.9465 
jesdown lnN 1.0755 1.3167 1.0000 1.0000 1.0512 1.0000 1.0000 1.0604 1.0236 1.0977 1.0911 1.0000 0.9685 0.9369 0.7714 1.0211 0.9193 0.7748 0.8040 1.0000 0.8852 1.0257 0.9288 0.9215 1.0733 1.0000 1.0042 1.0000 1.0589 1.0000 1.0000 1.0919 1.0113 1.1282 1.0701 1.0000 0.9686 1.0000 1.0236 1.0057 0.9220 0.7690 0.8789 1.0000 0.9152 1.2770 0.9944 0.8975 
factscale lnN 0.9679 1.0000 1.0000 1.0000 1.0000 1.0000 1.0000 1.0000 0.9940 1.0000 1.0000 1.0000 1.0000 1.0000 1.0000 1.0000 0.9967 1.0000 1.0000 1.0000 1.0000 1.0000 1.0000 1.0000 0.9741 1.0000 1.0000 1.0000 1.0000 1.0000 1.0000 1.0000 0.9916 1.0000 1.0000 1.0000 1.0000 1.0000 1.0000 1.0000 0.9970 1.0000 1.0000 1.0000 1.0000 1.0000 1.0000 1.0000 
