890.372803885
890.372803885
890.372803885
890.372803885
890.372803885
890.372803885
890.372803885
890.372803885
890.372803885
890.372803885
891.372661048
891.372661048
891.372661048
891.372661048
891.372661048
891.372661048
891.372661048
892.372518212
892.372518212
892.372518212
892.372518212
893.372375375
893.372375375
893.372375375
893.372375375
894.372232538
894.372232538
894.372232538
894.372232538
894.372232538
894.372232538
894.372232538
894.372232538
895.372089701
895.372089701
895.372089701
895.372089701
895.372089701
895.372089701
895.372089701
896.371946865
896.371946865
896.371946865
896.371946865
897.371804028
897.371804028
897.371804028
897.371804028
897.371804028
897.371804028
897.371804028
898.371661191
898.371661191
898.371661191
898.371661191
898.371661191
899.371518355
899.371518355
900.371375518
900.371375518
900.371375518
900.371375518
900.371375518
900.371375518
901.371232681
901.371232681
902.371089844
902.371089844
902.371089844
902.371089844
902.371089844
902.371089844
902.371089844
902.371089844
902.371089844
902.371089844
902.371089844
902.371089844
903.370947008
903.370947008
903.370947008
903.370947008
903.370947008
903.370947008
903.370947008
904.370804171
904.370804171
904.370804171
904.370804171
904.370804171
904.370804171
904.370804171
904.370804171
905.370661334
905.370661334
905.370661334
906.370518497
906.370518497
906.370518497
906.370518497
906.370518497
906.370518497
907.370375661
907.370375661
907.370375661
907.370375661
907.370375661
907.370375661
907.370375661
908.370232824
908.370232824
908.370232824
908.370232824
908.370232824
908.370232824
909.370089987
909.370089987
909.370089987
909.370089987
909.370089987
909.370089987
909.370089987
910.36994715
910.36994715
910.36994715
910.36994715
910.36994715
910.36994715
910.36994715
910.36994715
911.369804314
911.369804314
911.369804314
911.369804314
911.369804314
911.369804314
912.369661477
912.369661477
912.369661477
912.369661477
912.369661477
912.369661477
912.369661477
912.369661477
913.36951864
913.36951864
913.36951864
913.36951864
913.36951864
914.369375803
914.369375803
914.369375803
914.369375803
914.369375803
914.369375803
915.369232967
915.369232967
916.36909013
916.36909013
916.36909013
916.36909013
916.36909013
916.36909013
917.368947293
917.368947293
917.368947293
918.368804457
918.368804457
918.368804457
918.368804457
919.36866162
919.36866162
919.36866162
919.36866162
919.36866162
919.36866162
919.36866162
919.36866162
919.36866162
919.36866162
919.36866162
920.368518783
920.368518783
920.368518783
920.368518783
920.368518783
920.368518783
920.368518783
920.368518783
920.368518783
922.36823311
922.36823311
922.36823311
922.36823311
923.368090273
923.368090273
923.368090273
924.367947436
924.367947436
924.367947436
925.367804599
925.367804599
925.367804599
925.367804599
925.367804599
925.367804599
926.367661763
927.367518926
927.367518926
927.367518926
927.367518926
927.367518926
927.367518926
927.367518926
928.367376089
928.367376089
929.367233252
929.367233252
929.367233252
930.367090416
931.366947579
931.366947579
931.366947579
931.366947579
931.366947579
931.366947579
932.366804742
932.366804742
932.366804742
932.366804742
932.366804742
932.366804742
933.366661905
933.366661905
933.366661905
934.366519069
934.366519069
934.366519069
934.366519069
935.366376232
935.366376232
936.366233395
936.366233395
936.366233395
937.366090558
937.366090558
938.365947722
939.365804885
939.365804885
940.365662048
940.365662048
940.365662048
940.365662048
940.365662048
940.365662048
940.365662048
941.365519212
941.365519212
941.365519212
941.365519212
941.365519212
942.365376375
942.365376375
942.365376375
942.365376375
942.365376375
942.365376375
942.365376375
942.365376375
943.365233538
943.365233538
943.365233538
943.365233538
944.365090701
944.365090701
944.365090701
944.365090701
944.365090701
944.365090701
945.364947865
945.364947865
945.364947865
946.364805028
946.364805028
946.364805028
946.364805028
946.364805028
947.364662191
947.364662191
947.364662191
948.364519354
948.364519354
948.364519354
949.364376518
949.364376518
949.364376518
950.364233681
950.364233681
950.364233681
950.364233681
950.364233681
950.364233681
950.364233681
951.364090844
951.364090844
951.364090844
951.364090844
951.364090844
952.363948007
952.363948007
952.363948007
952.363948007
953.363805171
953.363805171
953.363805171
953.363805171
954.363662334
954.363662334
954.363662334
955.363519497
955.363519497
955.363519497
955.363519497
955.363519497
955.363519497
956.36337666
956.36337666
956.36337666
956.36337666
956.36337666
956.36337666
957.363233824
957.363233824
957.363233824
957.363233824
957.363233824
957.363233824
958.363090987
958.363090987
958.363090987
958.363090987
958.363090987
959.36294815
959.36294815
959.36294815
959.36294815
959.36294815
959.36294815
960.362805314
961.362662477
961.362662477
961.362662477
961.362662477
961.362662477
961.362662477
963.362376803
963.362376803
963.362376803
963.362376803
963.362376803
963.362376803
964.362233967
964.362233967
964.362233967
964.362233967
964.362233967
964.362233967
964.362233967
964.362233967
964.362233967
964.362233967
965.36209113
965.36209113
966.361948293
966.361948293
966.361948293
966.361948293
966.361948293
967.361805456
967.361805456
967.361805456
967.361805456
967.361805456
968.36166262
968.36166262
968.36166262
968.36166262
968.36166262
968.36166262
968.36166262
969.361519783
969.361519783
969.361519783
970.361376946
970.361376946
970.361376946
970.361376946
971.361234109
971.361234109
972.361091273
972.361091273
973.360948436
973.360948436
973.360948436
974.360805599
975.360662762
975.360662762
975.360662762
975.360662762
976.360519926
976.360519926
976.360519926
977.360377089
977.360377089
978.360234252
978.360234252
978.360234252
979.360091416
979.360091416
980.359948579
980.359948579
980.359948579
981.359805742
981.359805742
981.359805742
981.359805742
981.359805742
981.359805742
981.359805742
981.359805742
981.359805742
982.359662905
982.359662905
982.359662905
982.359662905
983.359520069
983.359520069
983.359520069
983.359520069
984.359377232
985.359234395
985.359234395
985.359234395
986.359091558
986.359091558
986.359091558
987.358948722
987.358948722
987.358948722
987.358948722
988.358805885
988.358805885
988.358805885
989.358663048
989.358663048
990.358520211
990.358520211
990.358520211
991.358377375
992.358234538
992.358234538
993.358091701
993.358091701
994.357948864
994.357948864
994.357948864
995.357806028
995.357806028
995.357806028
996.357663191
996.357663191
997.357520354
997.357520354
997.357520354
997.357520354
997.357520354
997.357520354
997.357520354
997.357520354
997.357520354
998.357377517
999.357234681
999.357234681
999.357234681
1000.35709184
1000.35709184
1001.35694901
1002.35680617
1002.35680617
1002.35680617
1002.35680617
1002.35680617
1003.35666333
1003.35666333
1003.35666333
1003.35666333
1004.3565205
1004.3565205
1004.3565205
1005.35637766
1005.35637766
1005.35637766
1005.35637766
1006.35623482
1006.35623482
1006.35623482
1006.35623482
1007.35609199
1007.35609199
1007.35609199
1007.35609199
1007.35609199
1008.35594915
1008.35594915
1008.35594915
1009.35580631
1010.35566348
1010.35566348
1010.35566348
1011.35552064
1011.35552064
1011.35552064
1011.35552064
1012.3553778
1013.35523497
1013.35523497
1014.35509213
1015.35494929
1016.35480646
1017.35466362
1018.35452078
1019.35437795
1019.35437795
1021.35409227
1021.35409227
1021.35409227
1021.35409227
1022.35394944
1022.35394944
1022.35394944
1022.35394944
1023.3538066
1023.3538066
1024.35366376
1024.35366376
1024.35366376
1024.35366376
1024.35366376
1025.35352093
1025.35352093
1025.35352093
1025.35352093
1025.35352093
1026.35337809
1026.35337809
1026.35337809
1026.35337809
1027.35323525
1027.35323525
1028.35309242
1028.35309242
1029.35294958
1029.35294958
1029.35294958
1030.35280674
1031.35266391
1031.35266391
1031.35266391
1031.35266391
1032.35252107
1032.35252107
1034.35223539
1034.35223539
1034.35223539
1035.35209256
1035.35209256
1035.35209256
1035.35209256
1036.35194972
1036.35194972
1036.35194972
1036.35194972
1036.35194972
1037.35180688
1037.35180688
1037.35180688
1038.35166405
1038.35166405
1038.35166405
1038.35166405
1039.35152121
1039.35152121
1040.35137837
1040.35137837
1041.35123554
1042.3510927
1044.35080703
1044.35080703
1044.35080703
1044.35080703
1045.35066419
1045.35066419
1045.35066419
1045.35066419
1045.35066419
1046.35052135
1048.35023568
1049.35009284
1049.35009284
1049.35009284
1050.34995001
1050.34995001
1050.34995001
1053.3495215
1054.34937866
1054.34937866
1054.34937866
1055.34923582
1055.34923582
1056.34909299
1057.34895015
1057.34895015
1057.34895015
1057.34895015
1058.34880731
1060.34852164
1060.34852164
1060.34852164
1060.34852164
1060.34852164
1060.34852164
1061.3483788
1061.3483788
1061.3483788
1062.34823597
1063.34809313
1063.34809313
1065.34780746
1066.34766462
1067.34752178
1067.34752178
1067.34752178
1068.34737895
1068.34737895
1068.34737895
1068.34737895
1069.34723611
1069.34723611
1070.34709327
1071.34695044
1072.3468076
1072.3468076
1074.34652193
1074.34652193
1074.34652193
1074.34652193
1075.34637909
1076.34623625
1076.34623625
1077.34609342
1077.34609342
1077.34609342
1078.34595058
1078.34595058
1078.34595058
1079.34580774
1079.34580774
1080.34566491
1080.34566491
1080.34566491
1080.34566491
1081.34552207
1081.34552207
1081.34552207
1082.34537923
1083.34523639
1085.34495072
1085.34495072
1086.34480788
1087.34466505
1089.34437937
1089.34437937
1089.34437937
1090.34423654
1090.34423654
1091.3440937
1092.34395086
1092.34395086
1092.34395086
1093.34380803
1093.34380803
1093.34380803
1094.34366519
1094.34366519
1094.34366519
1095.34352235
1095.34352235
1096.34337952
1096.34337952
1097.34323668
1098.34309384
1098.34309384
1098.34309384
1098.34309384
1098.34309384
1098.34309384
1098.34309384
1098.34309384
1099.34295101
1099.34295101
1099.34295101
1099.34295101
1099.34295101
1100.34280817
1101.34266533
1101.34266533
1101.34266533
1102.3425225
1102.3425225
1104.34223682
1104.34223682
1105.34209399
1105.34209399
1106.34195115
1107.34180831
1107.34180831
1108.34166548
1109.34152264
1110.3413798
1111.34123697
1111.34123697
1111.34123697
1112.34109413
1112.34109413
1113.34095129
1113.34095129
1113.34095129
1115.34066562
1116.34052278
1117.34037995
1117.34037995
1117.34037995
1118.34023711
1119.34009427
1120.33995144
1120.33995144
1122.33966576
1122.33966576
1122.33966576
1125.33923725
1125.33923725
1126.33909442
1126.33909442
1127.33895158
1128.33880874
1128.33880874
1128.33880874
1130.33852307
1130.33852307
1131.33838023
1132.33823739
1134.33795172
1134.33795172
1134.33795172
1134.33795172
1136.33766605
1136.33766605
1136.33766605
1137.33752321
1137.33752321
1138.33738037
1139.33723754
1139.33723754
1141.33695186
1142.33680903
1144.33652335
1144.33652335
1145.33638052
1145.33638052
1146.33623768
1146.33623768
1148.33595201
1150.33566633
1150.33566633
1151.3355235
1155.33495215
1155.33495215
1155.33495215
1156.33480931
1157.33466648
1158.33452364
1159.3343808
1160.33423797
1160.33423797
1162.33395229
1162.33395229
1162.33395229
1164.33366662
1164.33366662
1166.33338095
1168.33309527
1169.33295244
1170.3328096
1173.33238109
1173.33238109
1174.33223825
1174.33223825
1174.33223825
1174.33223825
1174.33223825
1175.33209541
1176.33195258
1178.3316669
1178.3316669
1179.33152407
1179.33152407
1180.33138123
1181.33123839
1181.33123839
1182.33109556
1183.33095272
1184.33080988
1186.33052421
1191.32981003
1191.32981003
1193.32952435
1194.32938152
1194.32938152
1195.32923868
1195.32923868
1196.32909584
1196.32909584
1196.32909584
1199.32866733
1199.32866733
1199.32866733
1201.32838166
1205.32781031
1207.32752464
1207.32752464
1207.32752464
1208.3273818
1208.3273818
1210.32709613
1212.32681046
1213.32666762
1216.32623911
1218.32595344
1218.32595344
1219.3258106
1219.3258106
1220.32566776
1220.32566776
1220.32566776
1221.32552493
1222.32538209
1224.32509641
1224.32509641
1227.3246679
1228.32452507
1228.32452507
1229.32438223
1230.32423939
1230.32423939
1231.32409656
1231.32409656
1232.32395372
1232.32395372
1233.32381088
1233.32381088
1236.32338237
1236.32338237
1237.32323954
1239.32295386
1240.32281103
1241.32266819
1242.32252535
1249.3215255
1250.32138266
1253.32095415
1254.32081131
1257.3203828
1261.31981146
1262.31966862
1265.31924011
1265.31924011
1268.3188116
1271.31838309
1273.31809741
1274.31795458
1274.31795458
1275.31781174
1275.31781174
1275.31781174
1280.31709756
1287.3160977
1291.31552635
1293.31524068
1294.31509784
1295.31495501
1296.31481217
1297.31466933
1299.31438366
1299.31438366
1303.31381231
1306.3133838
1309.31295529
1311.31266962
1312.31252678
1312.31252678
1314.31224111
1314.31224111
1315.31209827
1321.31124125
1324.31081274
1327.31038423
1332.30967005
1340.30852735
1342.30824168
1343.30809884
1347.3075275
1347.3075275
1348.30738466
1352.30681331
1356.30624197
1356.30624197
1357.30609913
1359.30581346
1359.30581346
1361.30552778
1369.30438509
1370.30424225
1378.30309956
1382.30252821
1386.30195686
1395.30067133
1400.29995715
1400.29995715
1402.29967148
1403.29952864
1403.29952864
1410.29852878
1410.29852878
1421.29695758
1423.2966719
1425.29638623
1427.29610056
1427.29610056
1427.29610056
1428.29595772
1428.29595772
1429.29581488
1434.2951007
1452.29252964
1457.29181545
1458.29167262
1478.28881588
1482.28824454
1485.28781603
1493.28667333
1497.28610199
1499.28581631
1500.28567348
1510.28424511
1522.28253107
1525.28210256
1553.27810313
1553.27810313
1555.27781745
1577.27467505
1578.27453221
1593.27238966
1609.27010427
1615.26924725
1625.26781888
1627.26753321
1644.26510499
1647.26467647
1668.2616769
1740.25139266
1763.24810741
1770.24710756
1771.24696472
1832.23825168
1889.23010998
1896.22911013
2023.21096986
