963.628
1182.35
1109.74
1220.95
1205
978.624
1066.54
1802.71
972.977
927.187
895.434
948.814
1053.68
1215.98
1009.51
1487.73
907.972
908.045
947.127
1161.37
1228.82
1140.74
926.634
1195.29
962.274
899.959
974.768
1129.42
998.718
1130.47
970.884
1198.79
929.192
1006.81
936.461
899.876
1033.02
927.182
935.885
973.258
905.612
927.191
1072.98
1235.27
923.342
915.376
945.5
1018.88
2410.63
924.923
1271.89
1016.73
1544.83
1261.8
999.665
1155.58
1025.44
1100.48
982.858
1003.98
900.352
892.84
1137.43
992.458
903.108
1388.43
963.327
1153.52
1402.84
1068.23
1286.49
900.616
975.071
1136.75
932.128
2077.17
1197.24
923.656
1094.22
905.938
1167.15
1018.94
1107.75
1069.46
1041.71
924.487
1003.93
1145.99
899.697
1501.68
912.064
899.651
903.13
1014.93
1357.8
916.781
1015.61
1266.55
1130.75
1631.65
1091.93
1066.06
925.058
938.45
970.473
1078.37
1022.08
1137.42
1114.22
955.754
946.724
937.889
953.349
919.146
1245.35
1071.73
1120.48
912.013
905.157
976.807
921.985
974.777
1128.95
1016.76
925.283
1140.55
1220.75
944.76
964.108
1040.53
901.985
909.787
1197.76
899.524
1495.9
1423.65
1036.55
1422.69
946.765
944.786
1390.83
1017.34
953.977
1115.46
1045.63
1051
906.478
991.393
1150.25
1771.86
892.063
1299.4
933.325
2532.33
918.703
964.677
919.639
1315.38
919.53
916.753
1078.9
1056.94
1242.6
910.376
893.37
1384.23
970.501
1587.42
1001.98
1178.02
1288.63
904.785
918.567
1078.77
1019.52
1014.75
987.987
986.107
925.125
892.897
922.901
1355.83
1131.28
988.697
1034.99
960.959
928.256
1074.39
942.017
1168.09
1113.59
1271.05
898.119
1166.36
927.279
1063.51
959.868
1062.45
1140.25
1091.39
974.26
1298.36
979.404
969.945
991.282
1129.17
932.152
947.937
1715.53
1097.56
947.517
1018.91
1417.83
1096.77
1035.26
1150.59
930.239
995.264
920.491
913.596
1382.72
1169.71
1070.64
902.081
893.634
1058.19
916.126
992.166
1085.84
1073.03
1242.69
1123.23
894.254
1380.17
1165.69
919.31
1065.55
1285.47
939.685
1028.75
1179.27
890.777
1012.42
1130.53
1037.47
1464.03
942.811
1148.43
1106.71
947.896
1503.92
1273.14
1021.74
927.926
970.778
913.276
959.865
942.269
1316.65
948.344
921.373
1157.87
1018.72
1006
934.719
897.689
996.542
1125.99
971.126
941.664
1048.27
1079.22
1195.83
1275.48
1353.36
1038.82
973.31
989.205
1205.43
915.029
1055.16
906.507
910.172
1126.91
982.06
1714.49
950.483
935.873
951.436
1025.76
1510.57
1383.76
920.5
998.463
1509.28
1273.26
1058.87
978.215
911.189
899.371
938.415
1014.87
924.821
901.777
929.603
948.246
1107.3
1063.02
1406.24
1233.14
1065.78
975.963
1250.88
1093.73
1054.75
910.588
924.448
1312.66
913.274
954.227
940.608
1256.89
1405.19
970.427
966.994
1047.42
1577.89
916.688
1010.09
949.379
944.78
1141.48
980.201
940.851
1030.41
1184.3
1512.45
1588.52
1039.45
905.822
1085.64
965.51
894.742
976.804
1128.91
1090.06
964.628
1059.34
947.03
1198.16
1258.56
988.929
1087.46
1793.18
1010.48
922.986
1270.76
930.239
1134.83
914.808
1086.11
919.434
903.311
1050.95
1490.07
1060.77
961.535
1776.75
1032.02
1470.75
1778.5
1204.17
933.705
1058.94
1163.27
1008.57
925.02
1793.53
976.453
1019.48
1584.4
1716.33
1004.69
1079.25
964.329
1058.91
1089.45
968.505
898.883
1029.29
1210.25
970.858
1000.59
1106.69
935.635
1091.38
1720.22
1084.27
1267.53
1077.96
1276.5
892.031
995.583
901.793
930.886
931.912
1195.3
934.107
902.328
1096.37
974.255
953.635
940.005
1406.17
1224.14
942.149
939.928
1032.61
1029.17
897.145
947.259
1015.74
1031.45
1291.43
962.116
1148.38
985.111
1144.19
1004.83
981.656
1164.4
970.19
917.821
990.46
978.845
955.199
1039.42
890.179
890.739
1277.28
940.767
1142.94
1040.03
972.87
1009.61
1345.85
928.003
932.558
1023.78
996.541
921.937
917.928
1175.31
938.021
1007.3
915.323
1056.81
1048.49
1195.34
1011.12
1439.16
960.193
986.105
1071.99
896.148
943.754
1123.58
1105.82
921.756
908.124
983.292
955.664
1486.85
897.402
1088.12
1144.34
914.221
1274.79
1604.62
1218.26
1169.15
942.595
989.38
927.763
927.072
931.839
1303.5
965.255
1051.89
1114.05
926.729
934.066
1085.17
936.913
976.482
1011.69
1174.42
891.258
1018.68
910.687
921.416
1516.06
1012.53
1490.92
1000.94
1099.87
1396.88
989.652
1035.29
1375.61
977.867
1193.42
947.995
1211.83
946.032
1078.55
1140.36
1131.67
911.978
1039.69
1120.93
1019.32
1307.46
943.463
1426.1
1583.42
969.487
1026.92
952.248
898.809
894.79
1056.22
1214.9
1175.07
1492.86
992.928
903.068
1159.98
1052.65
963.658
1121.37
1216.91
1055.47
1045.18
1457.49
947.733
2377.68
1436.97
1133.99
936.929
1159.56
1175.03
993.091
1312.02
908.953
1231.23
982.936
968.41
899.192
996.426
976.351
908.627
917.354
951.478
1252.97
1160.01
950.555
966.467
1436.93
1213.22
1321.87
988.657
1001.25
2560.04
890.295
928.314
969.847
1161.88
1036.08
1279.47
1077.34
937.023
969.405
913.026
939.362
894.545
944.414
2059.23
1109.22
963.855
916.07
1070.04
1372.69
907.158
963.247
1024.46
1698.5
1126.2
1007.13
1762.92
894.633
1356.91
896.823
906.096
955.687
995.948
1659.96
916.324
908.311
1002.9
1308.06
935.589
1188.83
892.573
1442.61
1416.2
914.997
959.518
926.181
925.619
1091.86
1478.43
974.118
908.558
929.557
1042.9
1325.42
1020.06
1604.92
959.851
1012.49
1721.9
951.679
1180.91
1016.27
941.553
962.188
918.194
968.515
909.949
1147.35
937.966
1180.11
909.52
1064.93
1274.96
963.669
1081.16
1028.76
916.398
1274.17
1034.99
902.815
1018.75
954.55
903.099
1155.65
1052.34
1028.37
913.22
938.206
926.305
939.781
1193.64
926.471
1018.35
1081.3
1019.58
901.729
1115.48
1272.33
1226.81
1097.53
1071.63
986.874
1153.17
1268.83
1475
1229.69
1028.77
1214.49
1014.84
916.371
1026.49
1097.94
1276.26
973.143
944.03
1683.75
1081.21
1136.4
1084.82
1113.89
906.512
941.682
1076.37
911.906
1025.88
989.421
958.45
998.205
1485.56
963.342
1051.12
892.697
954.125
946.166
1100.89
963.126
1027
898.792
937.519
1053.67
935.732
1048.98
1096.93
893.591
1301.18
971.854
908.624
1105.9
1226.85
978.359
909.546
1046.64
927.331
1272.2
1122.52
1055.1
1235.61
921.637
1006.65
1320.76
1143.49
1006.77
957.678
996.1
1049.31
934.525
919.535
936.784
1016.57
1072.73
903.212
898.517
1067.33
1509.13
924.517
1549.59
896.01
1074.98
1028.85
1087.81
1024.47
913.305
898.506
890.534
1188.79
1118.33
958.056
896.599
1624.63
916.507
938.408
891.294
1037.1
963.054
951.973
915.35
1051.98
927.222
1232.37
1118.13
911.753
972.321
1079.36
1028.6
923.542
1024.77
941.355
961.117
1294.82
912.214
959.811
910.927
991.769
1079.27
1861.33
1426.71
1365.76
1110.58
1187.26
1101.85
1160.55
1717.38
906.309
1122.01
905.265
1086.44
1164.54
1021.48
924.218
934.745
934.1
950.544
964.092
952.836
929.392
1149.63
896.824
922.389
936.572
1432.54
900.446
1060.45
929.414
1036.12
964.661
972.011
903.797
1301.66
893.722
1072.52
925.315
944.898
956.321
959.204
2553.18
915.353
909.803
1027.6
946.793
891.467
1066.57
981.871
1126.85
906.674
905.251
915.707
1114.68
1402.21
1369.53
1066.02
991.192
959.015
966.173
921.985
1426.73
1099.73
1404.38
924.916
973.916
942.957
1985.6
894.281
966.66
1009.51
945.373
1218.68
1274.03
1132.99
1090.45
914.337
974.691
908.232
953.684
911.933
896.488
1550.7
966.048
941.292
1462.76
900.657
1133.45
2459.65
981.256
939.194
953.308
917.478
1370.97
1131.15
1033.98
919.347
1003.09
1189.08
929.861
891.824
952.673
966.015
916.9
1002.36
925.529
1242.03
924.601
1232.05
900.625
891.883
1187.73
1635.12
1032.75
988.763
973.326
1124.93
912.424
916.65
1189.96
1083.32
995.293
1321.96
1221.49
1028.94
972.546
972.144
1209.98
913.319
935.912
1167.26
1041.55
894.203
1053.1
891.537
2357.1
1022.29
1185.25
891.518
1593.7
1056.28
1096.95
2120.65
1416.91
949.498
1522.23
937.594
1017.16
1074.02
935.604
926.165
1008.66
895.568
985.3
960.91
900.244
1148.54
1578.16
934.699
983.838
1041.7
1060.24
1228.67
977.835
1488.47
1405.71
943.939
891.162
1602.94
900.578
974.179
1047.11
981.036
989.161
898.781
974.482
954.884
1047.18
1363.42
1116.14
993.178
1090.36
1053.78
1118.64
914.75
1326.21
1298.48
893.981
917.902
947.546
1206.44
1086.4
1084.47
1006.09
1165.01
901.843
2043.91
1034.09
912.053
1093.41
988.053
892.206
1232.03
901.272
953.697
890.472
912.792
1468.18
1051.08
993.568
942.823
891.896
918.986
980.4
925.239
1138.1
913.641
965.856
1117.03
1149.7
944.769
913.969
1002.29
1228.13
925.166
956.567
1107.62
1237.56
1237.88
975.112
927.094
1049.42
957.237
1008.26
923.269
1143.22
1105.23
1048.3
935.09
896.651
1005.82
1252.14
1463.04
1224.5
896.431
1277.1
957.153
1012.61
928.969
1710.61
1142.37
1689.6
1602.31
1012.54
990.235
1159.74
972.499
1076.13
1090.65
926.015
919.57
913.786
957.955
1028.98
903.409
929.058
1093.78
1156.97
931.198
1129.43
938.158
1040.77
932.721
991.246
1274.6
920.746
895.468
1080.92
895.9
954.991
925.32
1055.08
944.698
1772.89
1429.94
926.272
1154.51
921.731
991.672
903.976
1108.88
1015.13
981.91
906.361
950.159
920.866
1034.91
900.123
905.524
1024.45
1276.36
1037.03
983.212
1050.25
899.184
1102.79
1279.9
960.259
981.863
1268.82
967.561
1308.42
905.344
907.688
1017.13
1018.87
959.625
1624.23
972.911
1140.69
996.504
944.194
894.806
1197.77
1097.59
1097.29
961.726
1711.68
891.726
1071.56
971.292
953.456
985.453
1416.34
940.942
926.552
973.882
953.206
1062.21
978.184
919.553
992.633
910.804
984.03
912.563
997.973
952.255
951.15
1497.54
909.874
1178.95
907.177
1002.94
930.019
1446.96
1532.13
1018.42
891.211
1216.44
965.937
1127.88
922.086
933.715
951.249
963.221
917.226
897.312
1101.01
989.423
936.756
970.417
969.04
1111.27
1232.93
1128.7
1586.28
932.282
926.862
918.16
919.354
938.439
1250.08
1155.27
1310.52
900.653
1051.89
1732.29
897.254
922.809
898.233
1095.49
1094.91
1013.36
1119.49
1065.42
1039.62
968.092
1136.23
990.572
1314.3
945.285
1014.62
1045.21
1376.09
937.541
949.091
990.702
926.352
1451.8
916.723
995.319
1109.59
956.839
932.535
953.672
1073.56
1359.08
909.136
989.151
943.091
1194.39
915.56
940.378
950.118
1073.76
1024.67
965.129
1398.81
1401.98
937.607
976.098
897.16
911.311
1003.54
899.109
983.237
1065.6
936.366
941.346
893.52
1002.14
908.91
919.577
1043.64
1158.54
912.481
1042.22
960.3
890.522
909.333
983.591
1262.57
922.921
973.95
918.161
1196.52
1205.75
1224.58
937.984
1005.34
982.686
1323.1
1439.85
1109.2
1026.24
987.475
1566.15
954.29
958.216
938.107
1143.1
946.65
1071.03
931.438
1015.2
900.804
946.549
948.682
934.867
1227.38
921.176
1129.85
904.147
1288.9
1104.75
2093.01
1064.69
963.905
893.12
911.826
1709.92
1397.32
1254.54
1075.37
1196.19
970.16
1355.05
1128.14
923.214
1551.41
965.102
1071.41
1010.28
1023.48
949.242
1032.4
954.724
1167.82
958.649
1783.48
1370.97
945.663
905.307
1046.86
1327.56
1162.6
976.81
915.231
890.373
1367.29
891.064
1454.88
1245.17
1500.33
942.141
957.189
1328.6
1051.66
1251.95
1134.89
974.172
1058.91
1229.18
936.687
920.799
917.873
1135.18
1040.44
904.082
1190.17
904.079
895.497
2018.15
991.844
1056.56
1289.63
1788.46
998.697
987.997
1007.42
946.622
925.192
943.436
1004.2
1295.54
937.773
1037.23
1043.46
1209.37
1006.29
963.705
940.675
899.147
1034.21
1051.68
1211.57
945.204
1288.07
1045.4
978.339
1279.01
1026.02
1191.38
930.282
1102.74
1097.65
987.98
1164.9
891.881
1001.14
949.088
911.504
1123.29
977.074
1076.41
1018.37
1223.32
1035.31
935.534
931.242
996.856
1013.52
1018.98
1072.21
962.926
903.792
1121.5
1058.7
988.867
1001
939.52
1222.02
958.931
1913.74
970.781
912.175
1027.74
993.458
940.421
1216.86
1045.55
965.552
961.325
1311.19
1032.82
917.665
1068.98
1030.31
980.58
965.627
1237.42
998.988
938.092
1064.83
925.2
1011.53
1004.48
922.892
1029.67
1031.96
1011.97
1136.07
1348.96
966.506
914.366
1601.43
1049.25
1148.62
1038.4
987.091
1300.68
1015.92
1466.98
1087.81
1633.99
985.009
916.014
945.954
922.375
891.453
1012.87
1243.55
1179.98
941.758
1322.13
891.163
1140.54
1369.61
940.924
1060.69
904.28
1037.34
1101.05
913.245
992.622
2123.21
982.787
983.057
1155.89
1305.78
1233.58
1004.64
1032.93
989.994
970.384
1044.66
1030.41
1221.44
977.104
903.217
948.406
942.448
921.146
1035.52
1198.41
1669.73
964.622
1073.7
1348.45
1382.84
1438.17
975.714
981.946
1239.58
899.959
896.324
1119.35
1053.15
1122.23
1092.16
906.713
1353.56
2055.92
1104.89
912.075
987.63
1374.14
1177.06
934.22
1155.1
929.373
1069.87
969.514
1116.07
1289.05
935.884
912.153
939.153
990.959
1361.58
1058.83
922.176
1174.54
1003.07
1001.9
991.354
972.564
892.099
1031.64
1158.24
923.084
1194.14
1101.86
916.169
960.072
908.865
985.153
1331.71
965.294
927.772
1204.98
964.031
1032.8
953.553
1030.09
1193.15
929.144
951.811
1019.35
1236.44
936.716
958.179
919.809
894.08
896.992
966.002
977.823
1363.41
925.271
2014.67
955.071
1012.43
1007.14
1008.9
896.2
969.069
1067.97
994.511
1014.94
1401.23
908.385
933.331
951.363
1014.71
949.627
995.816
1187.88
924.834
1589.52
1336.04
992.461
1024.56
1416.32
979.417
920.348
898.725
906.207
1296.01
899.668
1175.15
1042.3
964.094
901.781
1051.4
1007.51
1079.24
1131.3
932.397
1454.95
939.836
1458.11
927.882
1254.21
1026.06
958.512
1057.07
959.603
1114.88
1130.99
965.054
908.046
933.059
1120.71
1037.54
891.253
902.306
1019.68
1707.65
949.419
1811.39
920.376
1318.52
953.609
1168.69
907.709
1186.4
1166.33
1208.43
989.761
908.549
956.153
965.787
906.108
911.278
1025.82
939.458
892.69
920.139
931.283
1089.96
966.342
1091.82
992.623
1208.01
1045.15
1038.21
928.042
959.314
1091.77
1296.79
950.514
893.285
1179.97
893.341
1244.23
1100.82
1180.92
941.909
891.262
1388.91
912.938
980.266
1058.16
908.531
1010.51
975.467
970.541
1694.22
988.654
960.339
894.995
1327.49
1058.88
895.055
902.082
1227.83
920.493
1272.53
891.172
890.705
1120.86
1137.81
1018.35
947.101
1178.52
931.941
1659.52
954.03
949.484
893.907
1141.88
961.331
1139.87
1157.05
1082.52
939.062
1142.8
991.492
1000.14
1000.73
1026.49
893.92
1569.43
962.345
894.764
1089.41
1125.9
1138.27
1033.17
1018.46
1115.68
1247.72
1151.88
1048.36
919.496
982.654
919.574
1187.91
1176.56
1768.64
982.659
1813.8
911.969
940.347
897.055
1115.28
948.726
992.281
1093.64
1013.1
1089.19
1124.04
917.341
964.999
1004.99
1242.62
1328.57
1030.77
1065.28
945.782
936.154
931.401
922.489
908.22
1009.36
1032.06
911.958
1634.9
1122.26
924.593
922.046
1036.91
1265.34
1173.88
916.306
1239.88
933.055
1503.29
1038.71
1044.72
960.422
944.968
1258.92
1503.54
1286.12
1235.19
905.864
891.7
956.744
1252.52
913.349
1030.8
1090.49
1126.99
1149.25
1056.53
1036.07
1141.59
1106.08
1305.2
960.37
897.924
964.316
924.829
1153.1
1149.72
1132.01
1546.1
923.084
1153.84
1538
985.999
1155.44
1016.77
900.386
964.18
1138.48
1073.22
1294.31
895.112
921.949
1519.04
909.992
911.442
980.489
1048.62
1160.29
993.03
1118.42
909.47
1029.32
999.38
973.964
1223.58
1207
1039.43
1201.29
893.641
1267.21
1281.02
1061.97
1187.68
1007.72
1190.39
1621.79
1036.76
1140.52
1136.43
972.387
1110.23
1093.76
977.017
1030.36
1147.86
918.72
915.874
928.746
890.784
989.732
1117.68
991.482
1421.2
1053.66
1261.04
1144.05
910.003
993.804
971.786
1028.62
986.377
1259.99
969.76
1008.73
1158.6
1739.95
922.521
963.309
1534.47
1241.2
912.772
980.517
971.862
922.015
945.475
1167.29
913.9
1249.13
944.609
992.681
1249.4
923.985
930.184
963.712
985.588
900.579
891.632
898.981
975.835
1654.51
899.992
1025.97
955.046
1334.79
897.84
931.092
1033.63
1347.1
905.35
943.815
1619.66
1156.07
968.817
1056.05
1348.08
891.805
1227.76
1632.4
940.416
1147.35
901.141
1167.9
1002.04
1023.88
959.202
904.603
1074.56
911.824
894.54
1353.32
1141.51
1101.09
1345.52
1076.74
920.294
1263.99
1006.61
891.144
930.184
969.36
1007.76
1092.2
1524.47
1250.48
912.225
2162.65
1000.78
1027.43
907.955
900.838
1107.47
1039.13
943.432
1082.81
938.781
936.181
894.567
1009.47
998.257
1538.04
1096.27
926.421
941.215
1052.75
891.526
988.237
920.734
1014.66
960.701
944.471
1206.55
971.444
1188.83
960.643
1170.24
1518.97
1322.37
942.974
909.198
1127.42
949.44
927.962
976.538
986.294
932.993
900.336
909.509
932.916
917.028
1035.11
949.852
1135.4
895.757
953.804
1277.71
983.43
894.4
890.818
910.833
950.732
912.091
1085.23
1265.74
963.716
1668.25
911.872
971.004
903.916
1294.84
979.539
894.147
1062.29
1201.64
955.579
919.151
1109.6
1241.83
1253.79
1371.99
1028.07
948.596
1215.78
987.998
1108.43
994.471
1490.88
1274.18
967.404
1180.27
954.859
1207.13
970.834
959.515
1015.18
996.959
1491.63
1026.33
1023.49
908.514
1099.68
994.908
1484.59
1027.29
911.801
945.783
1736.37
1475.09
946.155
913.902
1015.46
907.546
1171.96
903.639
896.899
1105.32
971.283
1027.36
1346.07
1010.92
1406.15
1509.68
1229.76
1347.14
968.392
923.276
1003.75
958.356
1753.65
1033.02
1018.31
959.041
899.448
1188.25
980.996
1041.52
1057.59
1322.57
966.292
1236.28
902.504
1227.35
1069.17
969.929
955.875
1013.81
944.645
1389.09
939.212
894.734
949.05
1137.17
992.715
1245.94
1297.15
1065.94
916.105
931.265
964.083
974.353
890.463
943.931
1337.36
1230.55
1013.83
964.493
1180.43
914.816
1028.38
1431.24
933.996
1272.3
1142.01
915.497
971.115
956.389
892.226
1298.54
1122.67
891.787
1141.06
975.196
1040.45
936.773
950.376
895.532
1024.37
1012.91
1331.61
1138.88
1013.03
992.14
1054.42
1096.11
1197.59
900.368
961.828
933.916
1290.62
1050.69
1000.28
985.967
1232.06
1133.22
2271.03
1422.89
1108.63
1039.71
1281.24
974.884
900.661
892.003
1131.18
1000.62
958.922
915.081
947.75
1711.7
1160.53
1263.7
999.37
892.264
952.312
1201.39
1099.33
1198.32
1102.54
950.703
962.671
1639.02
1199.34
1254.43
961.753
1055.08
946.809
1226.03
1503
926.204
913.689
1367.53
901.177
893.404
1289.12
1179.27
940.013
957.842
1150
901.918
1060.32
978.808
954.403
908.656
1127.6
906.148
1215.05
909.392
1248.34
1054.87
911.459
1017.95
1016.27
1069.96
1176.01
1055.18
1034.05
1008.95
1406.65
984.056
1022.38
920.423
1000.15
913.135
905.999
978.589
1484.92
920.13
1091.86
994.188
1028.65
985.934
937.842
1147.94
993.808
1010.64
997.527
1716.12
922.49
893.429
1069.02
1076.54
993.029
941.307
909.883
904.63
1035.99
1035.51
1242.55
998.291
1052.82
1046.89
1287.08
1306.69
917.417
907.68
1071.03
901.786
1125.99
1359.64
2050.47
908.586
1064.04
1442.13
1166.37
1010.61
1246.37
977.758
966.896
992.872
1063.87
926.743
1066.74
1079.42
1309.36
1108.81
1362.48
1213.43
1020.39
911.592
998.691
978.139
1115.89
901.014
1485.21
1064.32
1105.72
1118.36
990.142
951.229
1149.66
1182.57
1078.82
1230.15
1655.14
965.181
943.666
1630.33
941.161
1009.96
998.309
1165.22
1159.9
2399.97
1197
1063.28
952.981
898.486
902.52
1177.75
926.582
1028.07
1265.11
963.41
894.054
906.586
1161.58
902.052
932.813
990.913
1112.69
922.427
993.448
946.198
972.899
1721.44
1259.92
1152.62
1079.47
899.023
898.495
951.649
989.376
1480.94
1011.14
1094.63
1287.14
954.992
1015.45
1024.36
1173.21
1255.63
924.172
992.977
1581.38
911.225
901.658
1254.09
1109.73
1036.42
1020.84
959.662
1013.2
977.179
904.693
960.007
1136.25
896.231
1826.79
1082.63
1036.35
924.233
1168.01
924.553
1307.34
912.7
908.565
1122.22
937.074
997.607
914.775
1414.98
934.993
1242.09
1241.41
1006.53
956.651
1029.3
1071.04
1454.58
1721.2
1234.71
926.68
1007.8
975.541
898.889
1044.85
966.179
1366.93
908.325
1336.62
1484.03
1126.15
890.039
1165.81
968.863
1244.57
1026.6
1021.94
1222.44
902.813
1018.41
1036.55
1022.1
1163.1
1021.51
1059.53
1236.96
1211.04
1003.09
1169.71
986.473
920.385
1096.59
1225.25
891.717
1064.67
967.856
955.565
1038.58
920.597
1008.46
891.713
1136.06
972.861
2413.44
999.559
1025.36
990.551
965.601
1438.58
935.309
987.273
1013.75
1009.06
1215.66
1496.92
1198.34
955.467
1088.46
1381.49
1127.81
914.793
980.006
908.951
893.217
896.196
1334.04
969.457
1035.15
1091.71
934.492
988.423
998.793
1866.07
1260.93
1054.96
1685.94
969.515
907.951
974.269
1038.8
1006.12
909.504
1170.08
983.598
976.453
1135.03
926.983
959.579
916.128
1316.01
978.999
996.28
1001.29
1136.69
1067.4
1280.85
1076.49
934.94
945.697
2027.12
1000.4
948.946
921.872
1002.65
1749.22
950.844
952.014
921.679
904.16
1047.22
945.156
980.63
1250.84
1046.71
1000.82
1071.93
918.615
982.204
893.604
985.258
1526.51
956.774
1086.37
989.064
1054.39
968.755
1682.87
985.036
1267.35
929.38
963.017
948.017
994.01
1341.72
922.349
980.261
1099.14
1003.44
1167.16
934.826
1350.56
1154.32
1070.94
1035.06
1572.69
927.875
1145.04
990.875
1067.63
1125.88
902.609
893.775
929.191
978.121
1294.18
935.151
937.163
1007.28
929.653
909.294
1204.18
1080.48
1003.06
1078.99
1002.84
1320.34
1541.13
1016.93
1027.04
1320.9
905.566
903.587
1290.39
1048.68
919.866
1061.26
916.947
1269.63
1082.86
1088.96
1183.81
1309.38
1100.9
1121.97
939.683
916.324
933.626
1022.86
1095.03
891.696
1146.49
953.678
1013.41
1037.93
905.961
1024.27
1059.87
1123.15
1020.6
955.992
1227.85
952.553
1055.16
944.152
899.517
981.47
1055.39
896.292
1096.85
907.519
911.92
893.325
943.261
1032.32
979.924
929.4
958.374
1332.97
1502.07
1123.86
910.606
933.404
1679.26
909.898
1001.41
905.146
948.058
903.375
1048.36
964.26
957.699
1007.74
1081.43
1556.94
1003.99
907.04
939.326
1148.24
950.194
1192
1082.19
1852.31
961.896
1336.01
937.763
977.301
942.269
1064.4
952.749
892.087
1038.39
1009.26
1107.68
954.724
907.959
927.16
937.577
944.157
942.676
1052.77
917.884
939.155
912.649
1086.81
1069.93
1062.93
1018.29
1173.48
931.347
934.926
894.312
1169.71
943.771
904.354
899.002
961.69
1095.16
942.658
962.337
1000.71
1015.22
974.937
1006.26
1079.75
895.797
935.137
976.14
940.238
1011.92
1072.95
892.408
1209.1
955.128
1029.1
1193.52
944.638
901.767
923.292
1026.64
893.227
904.998
907.284
950.916
1300.73
980.105
1100.56
937.511
899.241
1485.91
1455.73
894.078
929.886
1350.43
965.211
937.662
947.149
961.359
982.095
956.358
1086.81
905.164
1021.49
952.779
935.881
911.865
990.819
948.712
1197.62
1706.05
1353.97
913.903
898.762
1245.77
890.679
1810.61
903.286
945.798
1171.11
1323.24
1024.89
952.78
919.17
954.497
1346.06
1144.4
1029
1055.06
1117.76
955.933
1164.1
914.024
1124.2
1525.22
929.34
1135.68
1003.3
1014.23
948.175
908.947
1127.03
898.769
1655.69
1263.42
1515.78
951.447
1090.77
931.486
891.466
956.867
938.471
940.736
1036.64
1068.11
1147.69
976.084
1994.13
1030.78
930.731
1001.46
1096.58
934.879
1086.24
937.338
893.169
956.501
1896.42
1902.05
1116.68
909.913
1317.49
894.754
977.645
1047.21
905.478
960.696
1414.47
1398.87
892.132
911.806
899.787
926.222
1076.97
1288.52
2059.68
956.227
933.179
1248.24
1020.26
931.053
1896.1
956.351
1065.89
906.8
926.481
936.927
1004.89
1005.09
966.146
1283.56
1567.31
1246.06
1108.05
946.397
1399.66
983.921
1451.3
899.221
1048.29
1459.85
1385.79
1175.63
1312.19
1084.23
942.793
948.53
954.094
1000.27
1008.93
908.231
896.831
963.425
954.256
1252.44
1078.35
964.416
1228.7
1106.94
942.475
966.273
908.821
1207.92
900.136
1458.22
1890.28
892.843
1318.08
1144.05
1105.32
927.864
968.299
890.742
948.183
1276.59
1293.49
957.701
2019.61
1672.66
1078.79
893.026
1041.97
1096.88
1031.62
1321.58
1202.17
948.246
1016.31
1099.09
994.729
902.807
953.156
955.068
1475.06
1679.26
1204.15
1076.44
1008.13
1304.33
1196.55
1124.73
1017.38
1831.94
1018.67
956.793
1010.7
1002.97
1051.39
899.048
1092.3
1340.2
894.322
1130.79
1755.46
918.26
935.155
953.037
1137.28
1132.31
1000.43
1467.08
1012.19
1069.94
986.996
1033.84
925.132
1244.22
1042.45
900.806
1180.8
1093.34
1070.34
946.259
961.249
929.847
1051
1055.82
1017.22
1508.29
912.478
927.837
1155.76
963.873
951.137
1063.11
1001.25
1062.32
931.615
939.488
947.943
975.101
897.367
1113.56
1118.05
948.163
1233.76
1021.88
1063.16
1545.02
1271.14
1000.92
983.002
1169.07
1081.32
1113.23
949.685
1826.56
1142.09
941.097
973.266
948.496
927.94
940.63
1561.89
891.492
982.712
1563.52
1060.73
1044.85
1017.33
1037.16
952.183
892.414
1531.28
1145.42
1133.51
1311.12
890.932
1293.54
1310.79
1089.36
1361.49
977.406
910.379
973.16
1103.35
997.787
913.244
1559.5
901.966
959.701
1314.39
1091.65
952.422
993.021
1099.8
1397.72
982.203
894.653
1000.04
897.979
967.414
1239.4
925.281
1303.87
938.094
1039.74
1076.13
1091.08
1026.85
924.489
1087.72
1042.87
1075.77
1459.41
929.512
936.884
945.213
890.033
1143.94
1198.57
1124.43
1213.2
1020.39
945.567
892.698
1085.28
978.574
990.759
919.621
1037.49
975.6
973.357
901.209
926.628
1189.64
897.812
928.301
956.116
1071.24
953.507
1284.34
1051.09
1018.92
900.595
937.861
1117.23
1042.57
934.708
1087.93
1052.68
1887.95
930.246
1356.25
900.44
893.641
1610.97
903.191
893.431
902.965
1091.68
982.549
1298.95
942.431
1305.69
1404.99
948.216
1140.91
1164.59
1055.26
976.683
913.758
972.132
901.368
957.631
1115.27
959.316
903.523
988.069
1198.04
1003.22
956.598
962.444
922.646
1039.47
1118.79
1075.94
1004.39
910.219
1593.36
993.508
923.892
937.158
895.207
996.098
926.3
980.475
914.432
937.691
1011.13
928.688
1479.19
1123.88
905.919
1025.66
1077.9
1493.16
1003.18
1053.1
1299.13
952.279
1047.6
999.666
894.154
1096.61
996.368
900.565
1202.3
988.207
1036.43
1391.1
1204.6
943.903
946.083
903.499
1025.81
1125.16
1105.12
1356.56
942.965
1229.12
897.93
1595.27
907.643
941.198
1113.93
907.495
1186.45
981.833
964.415
1094.31
1000.53
1130.55
984.899
2145.43
929.209
977.282
967.445
1013.55
1219.61
892.628
945.985
1110.77
963.875
1198.14
1133.94
1378.7
1069.32
913.591
1052.1
910.139
893.239
1438.41
950.538
1096.01
890.353
976.832
1094.89
1151.25
920.601
1091.44
1005.87
1169.66
935.767
962.229
1214.64
1514.26
919.183
985.43
940.13
904.805
959.129
926.548
1006.84
948.192
920.511
973.847
989.909
1387.58
1221.95
908.026
1018.13
994.878
1003.2
925.407
1040.23
921.929
901.629
1052.52
1065.53
1360.96
1271.48
1174.02
1139.33
891.29
1186.92
1016.97
1173.87
917.888
939.752
923.117
1172.49
924.047
1027.59
903.372
953.157
953.434
909.94
1087.27
1417.65
1075.48
1015.8
2150.03
1029.35
1109.6
897.056
1062.79
1138.57
1258.64
2293.47
959.669
919.919
956.14
1008.77
1215.9
1056.66
933.072
933.392
1306.59
1100.07
972.631
927.977
980.155
945.762
974.524
1058.42
1009.47
911.038
1134.22
946.684
1342.06
913.591
1053.02
1177.77
1014.86
959.664
1050.39
1044.33
1053.47
931.04
944.968
894.205
943.563
1141.53
1191.49
1136.98
1335.25
905.436
1171.81
1097.95
926.085
1249.57
1490.95
948.181
920.524
1117.46
1100.24
900.632
1443.31
907.136
1043.89
1853.53
1374.2
957.125
1033.2
1003.19
945.289
897.353
978.202
1023.79
939.839
974.415
959.519
1107.52
904.181
919.435
1076.04
923.546
1070.88
928.211
1058.59
1471.5
907.619
1225.26
934.671
891.599
952.484
925.824
1046.55
2196.19
1248.02
1252.83
1023.71
1144.05
941.19
955.584
1603.46
892.141
916.088
909.213
1006.07
944.109
1182.38
1055.99
899.484
948.388
1030.58
1085.2
1166.26
1210.48
894.091
1129.34
993.28
919.605
1112.08
935.471
1545.34
907.534
1768.53
1187.96
912.15
1273.74
1505.57
1090.74
1094.08
1184.58
1055.3
1064.86
1000.46
1469.81
1322.02
956.114
935.938
904.029
1097.31
1159.44
1049.34
1018.65
937.233
925.735
1215.48
1097.11
1108.52
1037.5
1043.34
995.463
1259.28
923.679
1024.42
927.717
894.911
1394.03
988.695
910.387
1294.3
969.607
1143.8
997.275
924.034
1082.31
976.636
900.751
950.543
984.577
939.056
952.134
1250.71
931.995
1076.02
1334.64
975.849
1454.31
906.597
1076.7
1009.6
1106.69
907.983
1072.22
1072.79
1019.36
1008.28
1080.8
1015.19
1057.68
1458.91
958.395
1204.26
1110.22
1453.76
1226.52
941.92
974.778
1253.37
1160.17
998.554
977.521
1175.72
955.993
1074.95
931.401
1130.88
1222.49
1077.43
1752.92
928.444
1054.75
993.858
2265.75
951.228
1054.78
1118.32
1098.5
1191.16
1074.88
975.633
929.204
918.266
1234.35
1010.8
1092.43
1047.18
897.387
913.507
1171.16
1043.66
913.143
911.307
1062.29
978.201
1026.79
1010.68
1006.5
1092.13
1283.77
1329.19
1019.23
907.845
951.456
1065.24
919.733
1154.57
971.212
898.176
1729.37
992.394
906.392
899.657
1218.83
1035.74
1097.51
1068.66
1409.97
1343.38
1447.14
1098.26
898.727
1134.72
909.23
1244.16
1524.24
2020.46
939.728
1030.26
994.38
969.308
906.053
1074.71
1092.69
1109.84
1406.6
1139.36
1911.88
1002.7
1067.48
901.913
973.165
963.228
944.262
993.94
1129.74
953.672
1378.79
1038.13
1394.21
1056.15
1155.18
951.177
1020.19
916.607
1064.79
937.279
935.236
907.349
1307.38
944.035
895.43
1454.71
1018.38
1474.51
968.847
1121.02
983.392
1045.24
1110.41
959.808
1386
1158.67
980.255
1043.69
997.576
969.421
972.526
971.891
1125.68
1472.65
890.463
1172.55
1002.12
1023.61
918.341
961.719
1126.64
972.835
2511.81
1316.58
1080.09
906.93
1040.1
1136.55
1334.55
1329.56
1551.97
922.058
1038.22
1330.9
2138.7
1371.57
909.887
1105.21
977.228
971.699
1363.45
940.535
982.889
1074.55
1433.48
1488.19
1250.74
1049
927.788
1058.17
960.623
975.311
939.751
1527.39
891.484
1107.98
2073.16
1109.12
1115.21
1029.5
1643.28
1071.43
903.794
952.34
1000.04
1173.74
1038.31
1351.19
962.599
895.631
1151.51
915.812
1178.84
941.46
979.694
923.465
1091.85
1486.87
904.961
1161.46
1098.15
1070.96
1227.4
897.171
896.402
1089.72
996.178
934.883
921.226
927.196
946.364
976.728
1779.49
895.121
992.173
958.251
1046.67
925.043
1457.2
957.207
1145.46
896.159
1009.31
1227.55
1305.91
916.845
994.496
955.393
936.673
1116.73
1003.45
955.276
994.884
1270.19
938.353
964.91
929.263
1234.6
898.232
1196.81
1617.47
1101.82
1118.9
981.894
969.393
988.357
948.299
1038.78
1083.27
1169.77
1321.31
1021.14
969.518
1291.01
994.512
973.781
938.128
914.187
944.204
992.871
1061.33
1157
1163.52
914.11
917.63
938.264
928.733
1002.36
1264.14
934.625
1272.48
1327.62
1028.64
1115.15
1026.53
906.828
900.784
972.022
1155.84
907.926
1076.54
1116.44
919.21
1050.23
967.551
929.166
1023.51
933.04
1152.84
890.269
972.213
962.149
1021.34
1317.97
1062.21
1036.02
1444.38
893.523
890.86
900.782
941.235
1472.86
1191.09
1376.63
904.175
1123.12
1162.49
1024.14
1216.15
1052.69
1280.83
1043.58
949.255
1672.15
941.222
1176.86
920.476
1454.33
1081.31
1266.08
1015.43
1185.41
1185.76
954.726
1118.67
950.405
891.741
1027.23
961.331
1027.49
943.58
1000.47
948.415
934.491
1053.29
901.515
1177.62
966.779
1012.79
1048.04
1172.85
899.376
2416.06
901.075
1329.98
1134.04
1058.98
921.949
907.488
994.46
976.908
1176.89
1298.19
1047.06
919.36
1076.04
954.807
1056.09
1238.82
921.956
1033.04
1037
947.391
907.229
932.211
1010.86
1552.13
1320.45
931.757
1401.74
1013.4
1337.77
904.436
997.267
1024.73
906.322
1318.21
1110.75
935.841
957.432
925.382
961.281
900.278
998.707
1062.67
951.797
1052.79
1180.75
1175.98
1448.15
1692.7
905.77
1187.31
969.281
1092.6
943.527
1012.58
910.595
1155.49
897.624
978.931
1037.52
966.496
1259.42
955.722
1989.12
1299.18
953.522
1246.05
981.661
1130.91
915.616
998.887
956.175
924.563
1015.97
1175.08
944.012
968.288
1013.69
1073.3
901.22
1969.63
1100.83
1145.95
1291.19
1187.61
910.356
907.061
899.925
1105.26
935.457
986.604
1127.28
891.137
1071.36
1925.92
987.915
1099.96
946.978
1072.28
950.017
917.609
991.621
921.094
927.952
1039.47
917.064
2149.43
1157.03
1190.18
1200.96
1307.98
1042.66
933.894
1074.23
1134.01
933.644
1168.44
1001.94
924.862
907.11
1270.11
936.861
964.52
1057.53
1117.98
899.081
947.138
1415.32
1049.02
954.442
905.548
894.272
990.285
1011
910.697
917.58
949.95
1128.73
1030.38
1090.86
901.222
918.064
1276.99
929.2
983.198
1287.67
904.305
1120.13
979.673
998.331
984.846
1425.53
1266.2
1019.49
940.309
1065.84
954.738
1030.41
937.013
1165.66
1016.31
1104.76
979.323
1008.46
1153.41
1227.4
1088.15
1167.62
1151.2
1134.84
1401.42
910.333
959.966
983.971
973.228
1031.81
1294.47
946.412
892.116
1147.14
1093.28
1063.07
1020.67
2210.21
1048.72
1000.42
1127.71
891.709
926.535
1167.83
1111.09
896.172
890.386
915.456
906.324
1130.44
920.596
974.721
1018.35
1168.83
972.809
984.855
902.555
962.962
976.793
927.162
961.446
1593.62
914.777
968.857
1086.36
948.775
1066.04
1015.76
1145.89
1069.09
1034.53
937.832
1033.88
898.783
938.431
1063.21
1086.04
1062.98
1101.02
896.92
909.707
1112.64
973.753
1068.15
921.545
908.818
1200.07
1728.85
992.697
975.151
1029.71
932.028
893.751
1067.05
891.808
1103.61
1009.7
1519.98
987.703
937.444
1180.07
1077.25
1098.82
1623.41
1000.34
1051.4
996.686
1092.44
1233.75
1183.93
906.451
1244.33
1201.87
1042.64
899.945
1087.93
939.169
912.457
1081.18
1000.96
1001.23
954.309
1145.73
1103.77
983.067
915.175
986.081
1101.09
985.057
1633.28
1186.97
908.593
981.206
1217.42
997.48
916.081
955.645
908.752
1079.53
941.575
1443.26
1183.88
948.49
1105.9
1019.43
1054.43
1180.48
970.238
1114.46
900.736
934.142
1328.61
1000.21
1270.43
960.443
1774.69
999.724
1167.35
979.375
1205.07
1013.48
1152.37
1178.44
984.786
1679.14
1014.36
974.252
971.029
1054.98
924.084
958.813
915.583
1031.37
1087.95
913.522
1104.98
1185.14
1205.93
1260.44
1011.04
1219.99
1138.14
1201.42
969.037
890.339
917.694
971.909
911.511
910.22
936.482
1133.3
901.789
954.755
1259.2
900.824
1023.49
1130.38
1047.43
1380.23
1125.87
934.402
1047.45
903.446
1178.05
1533.79
1072.86
909.889
961.564
962.365
893.061
1018.84
995.03
920.134
1126.84
922.849
1412.02
899.87
953.434
895.928
1151.83
985.127
964.099
1418.91
1047.45
943.908
951.52
945.359
1426.57
901.584
957.89
901.751
1042.56
1072.94
1169.89
1106.35
1009.74
1077.14
939.752
930.289
900.748
1067.74
1275.33
909.762
903.019
893.543
951.937
904.554
1074.42
948.314
1304.81
1084.4
1575.86
1013.88
1194.75
928.53
900.345
935.324
1142.41
1074.15
917.265
1016.73
1174.99
1003.3
1357.95
949.723
998.171
944.489
1014.69
961.069
947.848
1175.56
913.237
1653.42
1063.1
1490.52
919.925
1219.74
890.349
995.404
895.081
993.724
1368.73
1269.07
1242.41
996.589
923.522
1133.19
1218.44
1124.13
978.441
1051.82
1063.45
972.734
1204.44
1090.1
892.709
925.729
907.118
1063.11
947.272
1046.88
909.212
984.237
999.411
1830.79
943.203
1411.06
1218.54
948.537
928.761
1009.76
1050.17
982.828
1312.91
1070.25
975.872
1090.85
1237.63
1070.96
1106.43
1483.05
1040.07
919.822
1951.67
988.171
1516.91
1374.22
913.375
1132.26
1142.32
966.499
1037.43
953.536
1037.53
1206.05
900.906
1011.39
1032.38
945.202
975.319
997.912
914.509
897.42
1499.08
950.657
1137.66
910.105
1040.6
1028.03
1201.97
1098.75
1003.48
964.649
1021.51
905.779
935.494
931.763
1275.43
1137.81
975.64
902.25
1284.67
970.221
910.622
909.057
973.714
1001.9
1493.82
999.654
1111.1
1299.26
1275.36
1247.25
1028.14
1038.58
1026.2
1205.45
1047.7
1032.3
1064.66
1264.17
1107.53
902.044
1367.16
1078.16
938.029
1656.33
983.146
974.984
1296.74
969.231
977.659
1090.09
1136.24
966.082
962.835
1070.48
1204.96
1202.83
1021.16
1076.02
1026.22
902.543
1046.35
1139.2
1118.07
1378.04
963.667
1591.25
913.414
1011.27
951.461
1009.2
951.098
995.323
905.746
988.573
942.096
1176.14
1152.45
921.737
995.368
1404.19
957.302
956.891
977.137
979.334
1397.37
972.328
1088.78
930.746
963.949
1247.85
959.937
937.742
906.557
928.182
970.341
1349.14
1277.29
955.951
890.163
1176.96
1127
950.81
998.398
918.471
1000.88
1088.67
990.819
1051.53
902.611
1292.1
970.608
919.232
970.535
928.809
933.256
1067.66
1018.17
963.813
908.44
972.753
938.389
922.946
890.975
1066.13
1011.3
1095.24
1013.18
1079.46
936.607
1009.59
899.973
897.541
1016.92
1024.63
1540.85
1009.73
1045.91
1148.68
919.881
931.636
891.489
936.374
947.92
1151.12
1688.98
1136.48
935.733
1526.76
1717.09
1448.24
1246.38
1007.78
1115.79
1160.17
934.961
989.329
975.999
892.972
944.83
1576.18
927.552
982.947
1325.29
1032.88
890.418
1424.75
929.493
1195.43
1074.97
1040
1293.88
1114.57
949.915
1015.65
942.975
952.57
1149.96
912.398
931.78
1145.39
1478.95
1016.21
949.536
1010.06
1210.94
892.769
954.225
917.79
1004.92
1039.42
1005.64
918.124
917.678
934.553
926.237
1347.18
894.769
901.319
1073.31
1213.33
1080.49
944.398
1012.22
993.033
1568.88
950.985
1052.65
1012.35
994.66
1192.96
1471.75
1030.01
1053.45
1272.52
1032.43
904.797
995.889
1447.24
958.308
1040.42
941.516
1062.03
905.323
1325.17
1617.28
1204.05
1045.24
952.885
936.871
895.403
1092.89
919.986
980.963
1355.86
931.541
1224.19
917.718
934.022
1076.07
962.059
911.948
1370.56
1037.36
1244.88
1181.66
1029.38
978.321
919.859
1180.54
990.265
1070.37
973.213
897.015
1051.8
952.998
1088.21
981.99
948.769
939.46
1229.83
1044.8
892.223
1009.84
987.54
1100.45
952.761
910.402
1005.46
1012.54
1016.26
975.584
1057.83
897.474
1167.88
1040.22
1029.26
961.04
919.885
899.605
1282.86
1051.62
1015.24
1058.07
1408.36
1030.62
965.304
1205.35
1186.61
952.783
1137.09
916.13
1037.71
899.386
952.742
1164.65
1153.93
891.147
942.081
938.348
1037.74
968.669
1024.46
1123.94
909.987
1052.27
1037.63
916.597
1036.82
949.592
939.728
940.546
900.513
1432.59
1054.87
942.492
1097.56
1064.67
1090.95
1168.88
1063.81
913.459
1384.95
983.316
916.443
1175.69
1054.97
1448.44
1121.64
984.65
1336.11
1072.22
1237.86
996.958
948.648
939.12
1086.88
938.99
917.162
1014.57
995.137
1020.81
968.403
957.498
950.475
893.208
976.875
1178.19
1063.04
1023.63
931.132
902.325
1590.27
896.16
1090.55
915.487
1045.16
900.27
985.763
934.748
980.742
977.021
931.829
1026.07
922.649
1047.08
1028.6
1052.33
912
1086.97
898.166
951.647
1062.05
985.265
1177.3
994.706
1025.04
1009.05
897.313
892.359
1803.65
1010.41
1477.04
992.904
1044
934.407
1010.37
976.083
1000.33
1259.64
1006.51
1265.13
1165.42
1167.1
1022.96
1408.07
1259.79
1112.23
917.087
905.362
1024.43
1180.5
1012.35
1125.61
934.063
1271.1
895.955
1116.35
1068.41
1676.22
903.855
954.07
974.229
1359.57
930.009
1276.64
1205.6
1041.24
1225.02
1005.92
901.159
897.913
1048.36
956.528
1132.87
1094.9
1063.07
949.748
1116.74
1326.27
906.327
1363.11
1508.96
987.358
993.769
905.461
1192.83
965.607
1373.97
1555.21
1641.93
1067.54
1049.9
963.349
982.269
1082.26
956.094
1028.5
988.323
1117.08
1477.84
1433.15
923.572
943.753
966.375
1143.59
905.921
915.386
1090.69
1062.37
1044.25
919.403
1030.09
1135.67
941.295
1416.77
1110.73
1092.75
935.832
976.72
970.171
1099.13
1074.24
968.819
916.293
922.652
1186.98
892.653
993.561
998.624
954.773
1193.53
1035.27
894.114
956.346
902.367
993.819
912.079
1046.7
902.503
1288.33
974.055
1286.42
1206.96
975.906
926.685
1341.69
1254.9
908.431
926.114
1108.01
1800.9
925.148
928.636
1164.58
1047.79
895.721
1064.09
928.463
966.556
980.791
1056.85
995.067
1114.91
952.894
1481.14
895.523
950.813
1338.28
1061.84
1393.61
1053.32
930.148
1194.71
1135.47
974.365
1062.47
987.378
998.035
1169.85
1103.9
1122.14
921.129
1742.37
1015.62
1100.81
998.748
1204.94
915.187
915.574
1142.69
1549.43
925.894
1543.95
945.708
1067.53
1304.25
1375.1
974.274
956.163
965.049
898.175
1080.7
1010.86
1092.46
1031.63
912.499
936.064
1170.68
1139.71
1235.61
1168.03
1195.44
1036.21
907.796
993.579
923.742
1293.01
956.618
1068.17
940.06
1584.7
1278.12
933.931
1021.52
920.254
1238.12
1232.7
905.708
1226.22
1586.41
895.527
1120.82
1217.02
978.052
896.757
1029.07
960.436
1044.9
2107.2
933.94
1094.12
1291.38
1207.29
1004.77
1099.02
1995.31
954.514
910.91
919.221
1088.49
1551.6
901.499
895.548
958.506
1114.78
942.537
1178.98
968.737
928.402
892.826
1001.84
974.287
1260.58
1224.3
1292.41
1201.2
1004.11
1001.78
1102.61
1268.52
1075.72
925.058
996.176
1019.29
1374.48
980.628
1083.26
1673.24
913.976
1087.64
1153.56
1026.42
928.85
2181.73
1295.8
970.418
1384.94
922.815
1548.87
945.959
949.212
1142.97
1734.77
1175.51
1030.24
1591.82
1021.1
951.26
1102.58
903.877
1257.61
1609.01
1208.25
953.474
904.679
1108.87
943.342
1120.31
924.202
941.246
945.41
1025.04
945.859
1020.58
1145.81
1202.46
1103.66
1037.43
2154.83
953.389
1164.88
1818.24
1326.11
1033.97
989.404
1196.05
920.87
975.23
908.951
897.206
1008.37
944.736
1254.57
904.341
1075.7
1051.12
907.429
994.004
1085.73
1332.1
893.968
1037.4
1133.1
981.472
1557.75
1177.02
973.982
934.135
1231.89
956.843
956.197
918.846
918.671
1032.08
961.188
935.59
1022.47
1017.06
1063.62
1542.85
1139.66
1114.11
1105.86
970.945
995.708
1022.71
1019.36
1024.6
899.094
1244.86
1001.73
1159.98
1013.97
1034.77
905.56
1184.07
962.422
1184.61
952.551
902.761
916.258
1153.31
899.728
1358.51
993.913
990.694
924.566
1135.78
897.615
916.251
1077.55
1741.49
972.418
1216.41
978.09
1093.06
1099.47
919.738
948.567
1008.45
1036.42
955.611
1098.79
1238.96
1023.65
1110.06
1042.92
1169.36
913.011
1374.46
1113.16
961.935
1150.34
1094.38
1020.31
1170.9
1081.43
890.924
1099.81
1361.7
898.772
1002
1013
1027.77
908.867
1160.44
984.136
1049.3
1155.61
1020.13
2183.86
945.506
925
1352.81
930.505
1229.39
944.599
961.569
1011.19
906.676
916.65
940.436
1077.46
927.743
1078.28
1306.91
1429.43
1029.18
918.854
1061.08
909.83
1229.28
969.05
1123.37
960.985
909.527
1285.15
928.994
891.551
1050.92
930.94
946.119
900.63
932.572
1010.18
1598.98
1059.62
907.535
899.793
1058.87
1036.56
1024.94
1585.02
1093.17
1300.04
1066.52
1020.83
914.225
1046.16
1100.13
909.763
1543.61
1287.99
1132.78
1107.03
900.597
909.341
937.699
903.15
943.12
1145.39
988.133
912.169
1236.13
946.245
1039.2
961.323
938.161
1495.43
936.08
983.02
1102.78
1109
903.772
964.24
1601.53
900.724
1261.45
1197.09
999.729
1016.83
897.91
1275.65
1378.63
1405.83
1142.82
935.159
1142.91
1119.15
1817.57
1095.91
1212.25
905.494
1151.66
892.559
903.621
1088.05
1089.01
1027.84
999.54
1000.29
965.89
1171.13
953.988
921.709
982.605
1491.9
1035.21
900.667
937.306
1589.09
1020.94
971.143
995.115
891.766
982.053
912.781
982.303
1053.37
949.286
955.74
890.929
1217.36
1067.62
967.905
1103.19
1154.99
1173.75
1228.44
905.473
1075.67
968.985
967.443
1011.83
1068.35
1233.95
898.495
1385.06
946.419
1178.92
952.223
903.437
1550.71
962.025
1441.88
1034.49
1047.69
1011.28
1274.96
1385.42
1029.92
898.659
1232.81
990.629
962.841
916.957
931.992
902.886
904.303
1157.26
1214.54
1102.54
1132.86
947.279
1306.42
900.426
1145.63
907.025
923.263
1165.99
1006.79
948.258
1668.03
895.555
994.225
950.662
1141.08
909.224
1055
892.432
1010.44
977.799
1151.82
1118.63
966.597
914.186
1398.56
1083.49
978.044
1835.27
986.693
995.78
925.029
909.417
944.938
958.283
921.275
894.689
1196.73
1019.6
1050.7
1125.29
1144.75
928.365
1003.86
2271.61
1099.49
1424.35
1732.07
936.618
913.356
1069.63
927.003
979.43
1119.46
1025.16
1009.07
994.025
1000.58
1048.79
1228.26
1025.88
1057.98
1242.05
948.726
1167.93
1243
1185.69
920.391
1172.95
1023.79
958.466
1117.35
918.933
955.169
1080.98
1092.14
894.576
1025.37
903.772
1000.2
940.455
1021.37
956.454
991.735
905.691
921.425
1001.74
898.821
956.775
1263.06
1037.72
1079.39
1037.13
890.324
925.468
1056.32
1354.3
1264.98
901.956
979.717
965.841
1208.37
938.651
1069.42
1079.67
1086.64
1034.25
1075.95
1014.7
1097.62
992.303
1222.11
926.539
1513.24
930.351
910.81
933.661
941.985
901.121
933.06
986.182
1019.27
922.943
1872.29
907.966
1342.78
949.817
1044.98
904.399
918.205
1189.5
1018.77
964.638
1004.6
1043.71
990.835
906.904
935.981
1234.47
1023
1278.44
934.244
1151.19
1170.57
937.472
1368.1
1098.16
1175.42
1295.43
1427.76
1167.15
927.029
1008.43
960.047
1092.3
1085.03
986.026
995.8
890.94
1059.69
2380.82
948.147
969.36
1014.12
905.735
908.784
1618.9
1037.9
895.861
1108.14
968.933
1000.06
921.024
1972.55
1367.3
933.258
1071.71
919.313
936.735
1120.51
1834.66
1269.71
1102.54
1202.82
1350.74
1201.5
967.578
1020.37
1022.92
965.646
1197.11
1007.96
897.894
1164.78
970.198
1253.11
917.039
1315.83
965.171
928.541
901.225
928.513
963.375
982.697
973.942
1373.43
1135.98
1128.43
950.157
1159.01
931.823
970.484
1139.25
1055.4
1030.03
1322.9
971.912
1001.35
945.732
988.831
963.515
1457.36
937.388
942.22
1097.89
1010.87
1207.5
896.145
1122.16
923.653
905.962
924.913
927.721
930.929
927.013
1149.63
936.651
1178.82
902.832
936.484
1070.04
960.139
1254.67
1079.6
1352.29
1024.41
907.884
1068.04
1083.53
931.964
1013.34
1040.46
1211.34
1092.47
1106.24
1145.3
1084.8
1003.88
903.085
913.55
1234.15
1134.78
1164.81
1023.72
1320.5
986.355
1154.16
894.462
1672.78
1227.6
924.611
1027.97
1148.41
920.366
955.432
951.895
941.269
1106.39
997.291
894.981
997.692
928.893
1130.12
992.373
907.798
1270.22
900.207
952
1570.18
1047.51
1271.55
910.228
1241.28
2330.67
1005.41
960.426
902.445
925.009
966.977
916.918
970.465
1240.04
1230.82
980.455
896.956
1084.44
938.815
1156.47
965.45
943.531
1132.73
1271.05
896.268
1816.06
1193.76
1440.55
1092.43
1174.2
992.067
997.215
946.082
1272.05
1156.06
1090.96
962.191
1271.05
974.983
940.891
944.574
971.507
1141.3
1858.62
917.113
1312.75
1001.55
1098.26
1119.39
910.077
994.378
937.918
1131.41
930.005
994.583
948.895
925.86
924.203
966.035
994.479
1596.62
940.069
1132.06
997.53
1179.71
1284.69
954.334
906.588
975.629
1392.66
944.696
1035.42
1019.99
933.492
1001.88
947.539
917.959
1059.79
939.222
913.449
915.737
915.368
933.399
1144.87
1092.32
1243.2
906.372
941.667
1059.95
921.37
1005.76
984.239
1970.43
1234.08
1148.74
955.222
1062.93
1024.35
1108.34
928.363
957.937
977.518
948.668
899.452
1020.1
1220.02
1166.31
988.095
1047.89
1271.52
1339.77
956.858
949.303
1445.03
921.412
891.736
1050.99
1079.93
896.39
1044.27
924.347
1309.94
1059.84
1021.6
997.357
1003.11
934.498
1099.79
1102.27
1154.48
1186.77
1047.8
917.334
1255.7
906.465
922.324
1099.36
1665.64
1132.99
894.419
917.655
958.348
979.299
1191.89
926.128
911.505
1091.69
1073.15
1178.82
1003.74
979.175
1430.25
1118.14
1055.67
1113.96
1078.05
938.746
958.993
1026.15
1049.94
1721.98
976.697
1194.45
892.905
1044.09
910.56
932.997
1040.82
950.31
956.908
1009.75
1135.01
971.466
1071.44
1086.88
976.863
1784.67
1221.11
1284.8
984.666
1001.61
1078.33
1017.49
999.883
997.848
1644.47
1005.53
965.512
1096.44
1135.74
953.922
1124.94
1024.71
937.227
1074.34
919.554
1106.54
1106.38
907.614
1478.62
1203.62
986.986
1594.93
1363.07
1078.56
929.743
898.854
937.912
1001.18
1241.97
999.579
958.446
1074.54
993.233
910.969
980.51
940.074
999.309
1172.64
1289.4
1631.72
1021.85
910.808
1549.22
936.309
1153.15
996.459
915.51
999.373
1224.27
1300.26
1148.83
1001.12
1130.8
999.085
908.225
962.696
1265.6
894.756
964.916
993.684
1514.59
897.511
1784.05
1373.54
911.843
1229.92
895.04
1909.44
958.065
1241.47
1111.98
1295.74
1042.11
938.821
892.786
935.982
1036.43
1085.33
950.454
924.378
1075.34
991.046
1105.55
917.568
1258.55
925.306
2381.59
913.464
1120.65
903.45
1017.2
1092.92
1360.07
994.929
1480.84
961.365
1316.74
1360.71
1037.84
972.078
923.054
903.944
976.067
955.25
1068.31
946.093
1050.02
956.653
1040.47
1039.26
1128.5
1299.94
1050.13
953.664
931.689
1768.61
1029.57
902.76
1455.21
1208.4
1245.04
973.886
1392.15
974.392
897.502
1308.77
892.182
1342.65
955.781
897.913
1180.92
989.755
1029.71
1486.49
901.668
921.332
909.213
967.236
1231.8
1461.98
1052.5
923.14
953.915
904.446
953.959
956.096
916.911
2338.72
1087.47
949.644
1029.02
953.217
1261.28
1073.37
1267.19
988.07
966.326
956.037
985.04
894.075
1166.73
961.821
950.979
1670.72
1080.82
1508.61
929.97
1099.51
1162.29
891.843
915.364
995.919
1030.58
1204.22
1020.56
952.369
1435.05
1044.5
938.309
1147.08
1199.68
995.192
967.071
955.848
1346.4
1036.73
913.316
1154.23
915.135
890.92
1123.73
906.387
1062.83
1033.27
1293.92
924.467
1535.35
925.571
964.82
940.346
1470.5
899.84
1131.39
1018.42
939.595
1027.82
931.953
1193.7
1343.94
986.628
1129.53
973.784
1010.11
1121.72
1003.16
1503.38
955.042
1107.51
925.603
915.552
1053.69
2102.26
940.24
997.683
917.497
991.562
1100.84
1420.29
1214.41
1093
989.105
915.958
952.976
1046.13
1218.82
984.511
952.174
997.894
900.12
1067.57
1191.6
959.167
909.014
1584.72
1095.16
1170.98
971.686
905.038
921.561
1338.25
1134.8
1341.29
988.772
900.985
1115.09
1047.76
985.297
931.267
1003.94
1723.85
929.096
1055.98
1223.23
901.455
1326.94
1357.97
1185.19
979.3
943.406
1351.47
1227.07
915.083
919.352
1030.87
1100.04
973.138
1329.54
1234.02
1007.64
1028.76
899.868
1024.18
1103.73
1354.95
1316.86
906.769
1852.28
1035.4
1408.64
1064.74
1189.26
1061.63
953.875
1246
986.103
942.952
1548.85
923.201
905.165
1086.37
1468.98
921.563
952.552
1039.58
1073.99
943.352
939.839
911.843
1523.16
967.633
1288.71
967.817
960.13
967.179
1069.46
1244.01
1130.39
985.99
1060.55
912.464
1129.86
1028.25
917.85
1049.44
932.942
1113.57
965.336
1255.84
904.113
935.201
1181.25
1049.11
988.236
1602.23
1097.51
1001.52
1003.81
1143.9
1006.63
903.158
1291.97
1005.31
1064.69
958.035
1049.81
1247.76
1259.96
964.253
1305.45
1100.03
946.644
1038.13
977.962
1168.22
899.307
936.047
914.69
1063.87
1179.82
1068.7
1509.97
911.693
911.931
1357.58
995.444
1035.73
1092.6
913.59
1124.28
1056
916.775
1031.55
1027.44
1122.28
1324.23
1688.07
1377.56
944.207
1066.15
1018.02
896.727
932.489
996.017
1125.63
1054.87
903.326
1208.07
1161.63
1075.73
1287.5
977.417
1300.45
1063.07
986.19
909.658
1270.83
1040.6
1284.35
976.25
923.761
908.026
990.037
914.132
1187.94
901.968
1034.41
915.942
920.557
1388.09
1007.88
1205.71
1392.57
952.519
928.223
2071.31
1871.61
903.02
954.818
955.234
1219.53
1897.74
899.979
929.644
1127.01
890.893
1221.58
950.587
898.85
894.186
1059.07
923.63
913.941
1032.37
967.718
1099.45
939.571
1024.6
893.047
967.306
1141.81
983.303
1079.24
2423.58
1043.45
1046.87
959.143
903.494
1034.44
938.764
966.354
940.015
1016.93
1074.56
1011.26
967.623
1001.51
1281.35
1001.05
1034.01
1012.26
964.273
973.301
1079.45
999.337
1020.78
897.892
890.19
959.972
1012.49
1107.97
1194.97
1091.08
1095.68
1000.83
1123.73
1586.26
1154.24
912.701
895.591
1087.47
952.502
1096.08
1260.19
909.912
1333.14
1007.9
1066.55
1822.23
1013.47
1036.71
1340.15
903.714
904.013
957.318
1139.04
926.005
927.135
925.881
1002.81
907.254
910.224
963.403
1526.88
1216.02
1119.72
1298.51
1289.62
1028.01
1413.45
1523.04
1069.78
1094.62
1125.98
898.324
923.066
1064.75
954.157
1036.09
933.947
903.575
941.402
1294.35
951.22
1305.42
921.15
1173.05
976.114
904.539
943.044
942.771
1132.93
924.973
911.663
1046.43
1712.44
1140.85
987.357
933.908
1648.92
1440.5
1176.4
927.162
1108.56
952.068
1057.83
952.657
918.205
1000.96
1020.68
960.365
1010.62
894.765
984.798
1153.7
1286.49
1409.44
1262.68
976.274
1065.91
916.766
1393.72
904.597
1161.95
1633.83
957.951
1108.58
892.482
1264.43
893.144
971.042
1222.58
1606.68
1431.44
1373.81
1035.22
1064.39
1439.94
1259.95
1547.95
911.148
960.143
1104.31
1018.75
911.034
915.711
938.208
1796.48
913.624
1203.12
942.648
1592.29
946.361
1061.62
901.789
952.093
925.98
931.396
901.776
1207
1581.5
962.737
980.068
1019.16
1427.11
983.545
1089.81
1128.07
911.59
894.379
898.299
1181.84
1066.63
972.912
896.008
1129.44
927.7
900.5
1085.24
991.225
923.818
928.382
1054.34
1839
950.589
960.898
1310.93
1104.45
913.518
938.579
1113.07
1264.77
1088.23
1032.38
1006.12
934.226
959.601
932.282
1439.51
973.128
960.593
1052.06
1226.23
1121.73
958.258
1059.69
1035.35
1590.83
1153.17
1510.45
944.685
938.722
1038.69
1003.93
1123.73
983.23
902.501
1024.78
944.951
1240.99
993.839
1231.79
1175.66
1026.13
927.594
1030.36
967.277
1013.94
1255.65
920.631
910.147
951.191
1141.29
1000.4
893.891
1353.17
1050.59
906.543
990.316
919.309
897.127
896.412
937.378
1199.55
946.821
1190.76
1125.19
890.888
899.005
913.319
933.429
971.025
892.047
1038.76
934.311
1333.64
1189.01
910.067
957.741
1798.85
1294.44
1003.75
1010.86
1196
890.468
1290.41
957.938
1114.69
962.37
936.809
928.783
964.747
915.642
905.827
981.916
1119.35
893.558
935.068
928.597
1135.42
1495.31
929.094
1035.49
910.068
922.02
1202.95
898.442
1301.79
1089.15
1017.16
1177.69
911.593
926.328
892.23
942.5
1048.62
917.088
1104.09
905.522
1139.48
1839.03
1019.89
1632.28
917.835
954.799
1139.59
993.528
1028.96
1013.23
1215.54
1433.34
1002.19
1088.61
949.952
1080.46
961.937
988.817
987.101
1015.54
1081.35
1198.82
968.01
1160.46
1014.86
912.835
937.745
947.317
1772.94
1209.11
1284
945.087
1002.37
1342.26
1135.77
1342.45
1132.51
917.657
928.151
936.691
898.346
1092.44
1251.68
917.854
931.423
1164.05
1072.96
1065.23
1072.39
898.17
904.287
1045.36
1026.93
1361.69
932.234
973.464
1406.32
1290.31
917.295
1205.43
1820.09
1201.81
1012.09
969.827
1032.07
904.827
1178.7
1074.94
930.593
929.445
1188.54
925.487
942.035
926.199
925.041
1084.94
893.217
911.246
1009.94
922.778
892.212
953.023
894.565
1080.29
934.077
934.062
954.514
1023.76
980.13
958.183
896.355
1037.44
957.163
925.236
1300
1056.17
1038.34
1416.7
1912.71
944.726
934.956
1068.98
925.27
1665.05
932.221
958.073
993.816
1015.81
969.076
999.41
923.835
1105.76
1053.12
938.371
920.326
1265.63
1209.74
1103.91
963.247
1754.86
910.86
1026.04
952.643
1412.94
935.613
991.854
1117.74
998.143
918.552
1030.29
917.672
898.58
1058.23
974.887
1200.46
967.701
1363.66
1310.16
1011.35
916.13
1095.51
898.871
915.437
1060.07
895.495
1196.19
919.1
979.253
999.842
1141.12
1147.26
1176.36
969.206
1291.04
1050.09
1362.98
910.716
904.812
1306.08
930.29
958.443
986.263
934.709
1329.46
1233.13
2110.97
1065.5
1253.55
1137.78
916.297
1188.94
1031.54
1141.02
1517.05
1388.46
896.616
1372.14
940.601
1138.64
1202.2
898.011
1140.19
1021.03
958.158
1240.39
966.297
900.535
906.877
1421.27
976.889
1113.47
1027.95
993.767
931.549
909.069
955.611
1011.06
1250.41
1343.31
908.096
1129.88
1323.58
1072.58
919.83
1315.26
1122.7
927.831
1082.09
929.826
1108.15
1155.73
964.596
928.282
901.452
1518.42
1737.79
2008.41
910.904
1305.44
941.427
1191.62
1032.25
930.714
953.493
1159.77
944.574
966.316
952.875
972.435
979.78
908.209
946.446
1118.41
899.566
1317.47
1107.92
1333.68
954.739
976.459
934.08
1074.48
1242.75
1338.57
1684.63
1012.95
996.042
1340.23
1083.26
934.814
1063.12
1009.4
932.049
1323.94
1004.08
1833.68
1099.64
1147.93
1433.6
938.453
920.678
1159.57
928.33
1045.39
1412.13
950.281
988.874
924.96
909.264
1109.67
992.328
1515.96
1353.53
1270.04
900.79
1079.47
926.103
1052.43
895.398
1302.98
928.653
1451.97
910.388
1011.52
1003.53
906.524
1430.58
1165.39
962.573
1121.28
993.787
1029.39
890.575
1014.12
948.673
1838.83
1007.2
975.597
948.853
1024.44
915.215
1024.16
975.684
893.552
1199.53
926.598
1337.06
1152.05
1203.2
892.859
893.682
938.537
1030.22
905.538
1154.19
1069.81
924.594
933.121
1188.25
967.414
964.2
1340.65
1004.96
926.035
1372.69
891.991
1079.37
1184.42
1018.25
1257.27
991.472
898.027
967.621
930.986
918.893
1156.01
1570.5
920.566
997.778
1476.75
1191.21
961.563
1889.79
921.585
1000.96
1209.06
912.165
1072.06
1159.9
990.801
1182.37
1070.01
1669.44
1614.97
1099.54
914.387
1015.85
905.35
1203.33
926.902
928.191
1157.26
981.287
1238.68
1041.95
1128.44
1307.12
1082.49
956.498
900.38
996.371
956.262
894.567
976.672
936.229
1550.02
947.592
899.952
1449.81
920.338
900.537
1595.01
1143.75
995.616
1294.3
1424.89
1022.82
1357.45
927.173
962.362
